system_id,utterance_id,wav_a_path,wav_b_path,pred_spk_sim
sys017,utt026,wav/vmc2026-track3-sys017-utt026.wav,wav/vmc2026-track3-sys019-utt025.wav,3.818325268456191
sys002,utt246,wav/vmc2026-track3-sys002-utt246.wav,wav/vmc2026-track3-sys019-utt245.wav,4.269885063578999
sys017,utt142,wav/vmc2026-track3-sys017-utt142.wav,wav/vmc2026-track3-sys019-utt141.wav,4.046176270227049
sys007,utt134,wav/vmc2026-track3-sys007-utt134.wav,wav/vmc2026-track3-sys019-utt133.wav,3.4201691659543876
sys012,utt182,wav/vmc2026-track3-sys012-utt182.wav,wav/vmc2026-track3-sys019-utt181.wav,3.7902858201380103
sys006,utt108,wav/vmc2026-track3-sys006-utt108.wav,wav/vmc2026-track3-sys019-utt107.wav,4.259254312872736
sys002,utt110,wav/vmc2026-track3-sys002-utt110.wav,wav/vmc2026-track3-sys019-utt109.wav,4.3075433096002325
sys009,utt216,wav/vmc2026-track3-sys009-utt216.wav,wav/vmc2026-track3-sys019-utt215.wav,4.977790059714257
sys017,utt032,wav/vmc2026-track3-sys017-utt032.wav,wav/vmc2026-track3-sys019-utt031.wav,3.624428942972272
sys020,utt298,wav/vmc2026-track3-sys020-utt298.wav,wav/vmc2026-track3-sys019-utt297.wav,2.9329043024017
sys005,utt118,wav/vmc2026-track3-sys005-utt118.wav,wav/vmc2026-track3-sys019-utt117.wav,2.7068488803393715
sys023,utt286,wav/vmc2026-track3-sys023-utt286.wav,wav/vmc2026-track3-sys019-utt285.wav,4.548615353830529
sys026,utt292,wav/vmc2026-track3-sys026-utt292.wav,wav/vmc2026-track3-sys019-utt291.wav,4.7076956569888475
sys018,utt036,wav/vmc2026-track3-sys018-utt036.wav,wav/vmc2026-track3-sys019-utt035.wav,3.5745392527676203
sys007,utt244,wav/vmc2026-track3-sys007-utt244.wav,wav/vmc2026-track3-sys019-utt243.wav,4.3417216021524965
sys012,utt310,wav/vmc2026-track3-sys012-utt310.wav,wav/vmc2026-track3-sys019-utt309.wav,3.728845360939872
sys025,utt230,wav/vmc2026-track3-sys025-utt230.wav,wav/vmc2026-track3-sys019-utt229.wav,3.499963537950931
sys017,utt066,wav/vmc2026-track3-sys017-utt066.wav,wav/vmc2026-track3-sys019-utt065.wav,3.622203104325773
sys009,utt066,wav/vmc2026-track3-sys009-utt066.wav,wav/vmc2026-track3-sys019-utt065.wav,4.718072533684816
sys020,utt198,wav/vmc2026-track3-sys020-utt198.wav,wav/vmc2026-track3-sys019-utt197.wav,3.271836309390184
sys002,utt102,wav/vmc2026-track3-sys002-utt102.wav,wav/vmc2026-track3-sys019-utt101.wav,4.423248768298013
sys024,utt176,wav/vmc2026-track3-sys024-utt176.wav,wav/vmc2026-track3-sys019-utt175.wav,3.914358538652646
sys025,utt112,wav/vmc2026-track3-sys025-utt112.wav,wav/vmc2026-track3-sys019-utt111.wav,3.336234225787308
sys017,utt238,wav/vmc2026-track3-sys017-utt238.wav,wav/vmc2026-track3-sys019-utt237.wav,3.6754394730738933
sys012,utt048,wav/vmc2026-track3-sys012-utt048.wav,wav/vmc2026-track3-sys019-utt047.wav,4.033610525188169
sys002,utt048,wav/vmc2026-track3-sys002-utt048.wav,wav/vmc2026-track3-sys019-utt047.wav,4.921541987083886
sys026,utt004,wav/vmc2026-track3-sys026-utt004.wav,wav/vmc2026-track3-sys019-utt003.wav,4.029058690174036
sys020,utt070,wav/vmc2026-track3-sys020-utt070.wav,wav/vmc2026-track3-sys019-utt069.wav,3.6591930312911467
sys011,utt004,wav/vmc2026-track3-sys011-utt004.wav,wav/vmc2026-track3-sys019-utt003.wav,4.453213249409642
sys001,utt214,wav/vmc2026-track3-sys001-utt214.wav,wav/vmc2026-track3-sys019-utt213.wav,4.360965519234461
sys002,utt300,wav/vmc2026-track3-sys002-utt300.wav,wav/vmc2026-track3-sys019-utt299.wav,4.2301584357865565
sys009,utt142,wav/vmc2026-track3-sys009-utt142.wav,wav/vmc2026-track3-sys019-utt141.wav,4.60833379770329
sys009,utt270,wav/vmc2026-track3-sys009-utt270.wav,wav/vmc2026-track3-sys019-utt269.wav,4.478884123500168
sys007,utt194,wav/vmc2026-track3-sys007-utt194.wav,wav/vmc2026-track3-sys019-utt193.wav,4.2992499682590495
sys014,utt050,wav/vmc2026-track3-sys014-utt050.wav,wav/vmc2026-track3-sys019-utt049.wav,4.731179376677739
sys014,utt080,wav/vmc2026-track3-sys014-utt080.wav,wav/vmc2026-track3-sys019-utt079.wav,4.175018295213564
sys010,utt144,wav/vmc2026-track3-sys010-utt144.wav,wav/vmc2026-track3-sys019-utt143.wav,3.2181754716174527
sys010,utt154,wav/vmc2026-track3-sys010-utt154.wav,wav/vmc2026-track3-sys019-utt153.wav,4.332083707926444
sys005,utt210,wav/vmc2026-track3-sys005-utt210.wav,wav/vmc2026-track3-sys019-utt209.wav,3.1548734502060176
sys009,utt048,wav/vmc2026-track3-sys009-utt048.wav,wav/vmc2026-track3-sys019-utt047.wav,4.794379586163532
sys026,utt220,wav/vmc2026-track3-sys026-utt220.wav,wav/vmc2026-track3-sys019-utt219.wav,4.330556921055525
sys007,utt030,wav/vmc2026-track3-sys007-utt030.wav,wav/vmc2026-track3-sys019-utt029.wav,3.715980413122546
sys013,utt016,wav/vmc2026-track3-sys013-utt016.wav,wav/vmc2026-track3-sys019-utt015.wav,4.406409487661435
sys024,utt194,wav/vmc2026-track3-sys024-utt194.wav,wav/vmc2026-track3-sys019-utt193.wav,4.225787027291203
sys006,utt310,wav/vmc2026-track3-sys006-utt310.wav,wav/vmc2026-track3-sys019-utt309.wav,4.486203399491309
sys012,utt118,wav/vmc2026-track3-sys012-utt118.wav,wav/vmc2026-track3-sys019-utt117.wav,3.9715423793457565
sys013,utt160,wav/vmc2026-track3-sys013-utt160.wav,wav/vmc2026-track3-sys019-utt159.wav,4.3615614064913935
sys011,utt122,wav/vmc2026-track3-sys011-utt122.wav,wav/vmc2026-track3-sys019-utt121.wav,4.3086295570855135
sys023,utt102,wav/vmc2026-track3-sys023-utt102.wav,wav/vmc2026-track3-sys019-utt101.wav,4.800592733478418
sys016,utt004,wav/vmc2026-track3-sys016-utt004.wav,wav/vmc2026-track3-sys019-utt003.wav,3.9469979303344274
sys005,utt018,wav/vmc2026-track3-sys005-utt018.wav,wav/vmc2026-track3-sys019-utt017.wav,3.433813068883579
sys024,utt304,wav/vmc2026-track3-sys024-utt304.wav,wav/vmc2026-track3-sys019-utt303.wav,3.922389313572121
sys014,utt310,wav/vmc2026-track3-sys014-utt310.wav,wav/vmc2026-track3-sys019-utt309.wav,4.575570524618775
sys016,utt132,wav/vmc2026-track3-sys016-utt132.wav,wav/vmc2026-track3-sys019-utt131.wav,3.1150097173073474
sys005,utt270,wav/vmc2026-track3-sys005-utt270.wav,wav/vmc2026-track3-sys019-utt269.wav,3.3366172028959213
sys006,utt214,wav/vmc2026-track3-sys006-utt214.wav,wav/vmc2026-track3-sys019-utt213.wav,4.641440685933759
sys007,utt228,wav/vmc2026-track3-sys007-utt228.wav,wav/vmc2026-track3-sys019-utt227.wav,4.10792714671182
sys002,utt274,wav/vmc2026-track3-sys002-utt274.wav,wav/vmc2026-track3-sys019-utt273.wav,4.760312319531077
sys016,utt038,wav/vmc2026-track3-sys016-utt038.wav,wav/vmc2026-track3-sys019-utt037.wav,3.227693654151464
sys009,utt172,wav/vmc2026-track3-sys009-utt172.wav,wav/vmc2026-track3-sys019-utt171.wav,4.512939679392636
sys007,utt144,wav/vmc2026-track3-sys007-utt144.wav,wav/vmc2026-track3-sys019-utt143.wav,3.513194748762488
sys025,utt150,wav/vmc2026-track3-sys025-utt150.wav,wav/vmc2026-track3-sys019-utt149.wav,3.781152251086639
sys005,utt278,wav/vmc2026-track3-sys005-utt278.wav,wav/vmc2026-track3-sys019-utt277.wav,3.250434040766431
sys012,utt314,wav/vmc2026-track3-sys012-utt314.wav,wav/vmc2026-track3-sys019-utt313.wav,3.822758110994984
sys005,utt186,wav/vmc2026-track3-sys005-utt186.wav,wav/vmc2026-track3-sys019-utt185.wav,3.243067382339821
sys017,utt232,wav/vmc2026-track3-sys017-utt232.wav,wav/vmc2026-track3-sys019-utt231.wav,3.905228322956402
sys006,utt264,wav/vmc2026-track3-sys006-utt264.wav,wav/vmc2026-track3-sys019-utt263.wav,4.4944465500074395
sys012,utt262,wav/vmc2026-track3-sys012-utt262.wav,wav/vmc2026-track3-sys019-utt261.wav,3.7443008705700236
sys024,utt126,wav/vmc2026-track3-sys024-utt126.wav,wav/vmc2026-track3-sys019-utt125.wav,4.414934786155237
sys013,utt140,wav/vmc2026-track3-sys013-utt140.wav,wav/vmc2026-track3-sys019-utt139.wav,4.006271610387593
sys001,utt310,wav/vmc2026-track3-sys001-utt310.wav,wav/vmc2026-track3-sys019-utt309.wav,4.089093080950874
sys022,utt174,wav/vmc2026-track3-sys022-utt174.wav,wav/vmc2026-track3-sys019-utt173.wav,3.9189020049010046
sys026,utt050,wav/vmc2026-track3-sys026-utt050.wav,wav/vmc2026-track3-sys019-utt049.wav,4.531871992724714
sys007,utt122,wav/vmc2026-track3-sys007-utt122.wav,wav/vmc2026-track3-sys019-utt121.wav,4.030014586485959
sys005,utt158,wav/vmc2026-track3-sys005-utt158.wav,wav/vmc2026-track3-sys019-utt157.wav,3.85615263185502
sys010,utt002,wav/vmc2026-track3-sys010-utt002.wav,wav/vmc2026-track3-sys019-utt001.wav,4.027188131291768
sys012,utt224,wav/vmc2026-track3-sys012-utt224.wav,wav/vmc2026-track3-sys019-utt223.wav,4.194033444780304
sys013,utt122,wav/vmc2026-track3-sys013-utt122.wav,wav/vmc2026-track3-sys019-utt121.wav,4.431247910206856
sys025,utt018,wav/vmc2026-track3-sys025-utt018.wav,wav/vmc2026-track3-sys019-utt017.wav,4.252883421526122
sys002,utt032,wav/vmc2026-track3-sys002-utt032.wav,wav/vmc2026-track3-sys019-utt031.wav,3.8672914845381374
sys014,utt114,wav/vmc2026-track3-sys014-utt114.wav,wav/vmc2026-track3-sys019-utt113.wav,4.3194933683386765
sys020,utt132,wav/vmc2026-track3-sys020-utt132.wav,wav/vmc2026-track3-sys019-utt131.wav,3.192049015362349
sys025,utt124,wav/vmc2026-track3-sys025-utt124.wav,wav/vmc2026-track3-sys019-utt123.wav,3.4585244915359183
sys001,utt320,wav/vmc2026-track3-sys001-utt320.wav,wav/vmc2026-track3-sys019-utt319.wav,3.6206821097534236
sys023,utt130,wav/vmc2026-track3-sys023-utt130.wav,wav/vmc2026-track3-sys019-utt129.wav,4.506450377168711
sys017,utt138,wav/vmc2026-track3-sys017-utt138.wav,wav/vmc2026-track3-sys019-utt137.wav,3.7961926904073326
sys007,utt084,wav/vmc2026-track3-sys007-utt084.wav,wav/vmc2026-track3-sys019-utt083.wav,3.9804034333963187
sys011,utt144,wav/vmc2026-track3-sys011-utt144.wav,wav/vmc2026-track3-sys019-utt143.wav,3.869342880971673
sys020,utt184,wav/vmc2026-track3-sys020-utt184.wav,wav/vmc2026-track3-sys019-utt183.wav,2.886156125692062
sys023,utt050,wav/vmc2026-track3-sys023-utt050.wav,wav/vmc2026-track3-sys019-utt049.wav,4.290864170623145
sys002,utt118,wav/vmc2026-track3-sys002-utt118.wav,wav/vmc2026-track3-sys019-utt117.wav,4.420182107160605
sys017,utt152,wav/vmc2026-track3-sys017-utt152.wav,wav/vmc2026-track3-sys019-utt151.wav,4.0781919458619305
sys002,utt080,wav/vmc2026-track3-sys002-utt080.wav,wav/vmc2026-track3-sys019-utt079.wav,3.950109904146161
sys020,utt214,wav/vmc2026-track3-sys020-utt214.wav,wav/vmc2026-track3-sys019-utt213.wav,3.354245435411046
sys013,utt020,wav/vmc2026-track3-sys013-utt020.wav,wav/vmc2026-track3-sys019-utt019.wav,4.483397620406003
sys016,utt076,wav/vmc2026-track3-sys016-utt076.wav,wav/vmc2026-track3-sys019-utt075.wav,3.820314604996844
sys020,utt146,wav/vmc2026-track3-sys020-utt146.wav,wav/vmc2026-track3-sys019-utt145.wav,3.057784540816766
sys005,utt078,wav/vmc2026-track3-sys005-utt078.wav,wav/vmc2026-track3-sys019-utt077.wav,2.7370367293113786
sys020,utt178,wav/vmc2026-track3-sys020-utt178.wav,wav/vmc2026-track3-sys019-utt177.wav,2.8953546356180078
sys024,utt104,wav/vmc2026-track3-sys024-utt104.wav,wav/vmc2026-track3-sys019-utt103.wav,4.15066060152322
sys022,utt140,wav/vmc2026-track3-sys022-utt140.wav,wav/vmc2026-track3-sys019-utt139.wav,3.632362212026751
sys025,utt196,wav/vmc2026-track3-sys025-utt196.wav,wav/vmc2026-track3-sys019-utt195.wav,3.9038099171199523
sys006,utt228,wav/vmc2026-track3-sys006-utt228.wav,wav/vmc2026-track3-sys019-utt227.wav,4.0554380816581785
sys017,utt290,wav/vmc2026-track3-sys017-utt290.wav,wav/vmc2026-track3-sys019-utt289.wav,4.2070136165858925
sys018,utt002,wav/vmc2026-track3-sys018-utt002.wav,wav/vmc2026-track3-sys019-utt001.wav,3.8408564943359393
sys017,utt010,wav/vmc2026-track3-sys017-utt010.wav,wav/vmc2026-track3-sys019-utt009.wav,3.69987239576514
sys017,utt196,wav/vmc2026-track3-sys017-utt196.wav,wav/vmc2026-track3-sys019-utt195.wav,4.705299252500644
sys023,utt228,wav/vmc2026-track3-sys023-utt228.wav,wav/vmc2026-track3-sys019-utt227.wav,4.479027293302887
sys001,utt292,wav/vmc2026-track3-sys001-utt292.wav,wav/vmc2026-track3-sys019-utt291.wav,3.8606688132795495
sys022,utt300,wav/vmc2026-track3-sys022-utt300.wav,wav/vmc2026-track3-sys019-utt299.wav,4.38481164265627
sys022,utt206,wav/vmc2026-track3-sys022-utt206.wav,wav/vmc2026-track3-sys019-utt205.wav,3.692996312398972
sys011,utt262,wav/vmc2026-track3-sys011-utt262.wav,wav/vmc2026-track3-sys019-utt261.wav,3.7865796909948677
sys022,utt316,wav/vmc2026-track3-sys022-utt316.wav,wav/vmc2026-track3-sys019-utt315.wav,3.5310813503022054
sys006,utt102,wav/vmc2026-track3-sys006-utt102.wav,wav/vmc2026-track3-sys019-utt101.wav,4.454959734798156
sys017,utt134,wav/vmc2026-track3-sys017-utt134.wav,wav/vmc2026-track3-sys019-utt133.wav,3.1871617877037437
sys024,utt010,wav/vmc2026-track3-sys024-utt010.wav,wav/vmc2026-track3-sys019-utt009.wav,3.9843725907616574
sys010,utt118,wav/vmc2026-track3-sys010-utt118.wav,wav/vmc2026-track3-sys019-utt117.wav,3.8985100363005016
sys007,utt044,wav/vmc2026-track3-sys007-utt044.wav,wav/vmc2026-track3-sys019-utt043.wav,3.410282212843451
sys017,utt186,wav/vmc2026-track3-sys017-utt186.wav,wav/vmc2026-track3-sys019-utt185.wav,3.568196020429751
sys010,utt294,wav/vmc2026-track3-sys010-utt294.wav,wav/vmc2026-track3-sys019-utt293.wav,4.675551913945007
sys012,utt250,wav/vmc2026-track3-sys012-utt250.wav,wav/vmc2026-track3-sys019-utt249.wav,4.857082691667947
sys005,utt214,wav/vmc2026-track3-sys005-utt214.wav,wav/vmc2026-track3-sys019-utt213.wav,3.58440382850642
sys008,utt160,wav/vmc2026-track3-sys008-utt160.wav,wav/vmc2026-track3-sys019-utt159.wav,4.816108732544577
sys022,utt314,wav/vmc2026-track3-sys022-utt314.wav,wav/vmc2026-track3-sys019-utt313.wav,3.759893664515054
sys022,utt028,wav/vmc2026-track3-sys022-utt028.wav,wav/vmc2026-track3-sys019-utt027.wav,4.4352914686459535
sys006,utt150,wav/vmc2026-track3-sys006-utt150.wav,wav/vmc2026-track3-sys019-utt149.wav,3.9627264383342196
sys013,utt314,wav/vmc2026-track3-sys013-utt314.wav,wav/vmc2026-track3-sys019-utt313.wav,3.877706464832518
sys018,utt090,wav/vmc2026-track3-sys018-utt090.wav,wav/vmc2026-track3-sys019-utt089.wav,3.4462821598908038
sys012,utt062,wav/vmc2026-track3-sys012-utt062.wav,wav/vmc2026-track3-sys019-utt061.wav,3.897863342730302
sys005,utt310,wav/vmc2026-track3-sys005-utt310.wav,wav/vmc2026-track3-sys019-utt309.wav,3.571637063765536
sys010,utt180,wav/vmc2026-track3-sys010-utt180.wav,wav/vmc2026-track3-sys019-utt179.wav,3.6425867884654615
sys017,utt008,wav/vmc2026-track3-sys017-utt008.wav,wav/vmc2026-track3-sys019-utt007.wav,4.310808999623705
sys006,utt186,wav/vmc2026-track3-sys006-utt186.wav,wav/vmc2026-track3-sys019-utt185.wav,4.040850722190564
sys016,utt108,wav/vmc2026-track3-sys016-utt108.wav,wav/vmc2026-track3-sys019-utt107.wav,3.397163206857212
sys020,utt104,wav/vmc2026-track3-sys020-utt104.wav,wav/vmc2026-track3-sys019-utt103.wav,3.012493231331486
sys023,utt308,wav/vmc2026-track3-sys023-utt308.wav,wav/vmc2026-track3-sys019-utt307.wav,4.980774912285878
sys020,utt122,wav/vmc2026-track3-sys020-utt122.wav,wav/vmc2026-track3-sys019-utt121.wav,3.2194040864607083
sys013,utt110,wav/vmc2026-track3-sys013-utt110.wav,wav/vmc2026-track3-sys019-utt109.wav,4.253004590216286
sys026,utt192,wav/vmc2026-track3-sys026-utt192.wav,wav/vmc2026-track3-sys019-utt191.wav,4.013685337003245
sys011,utt022,wav/vmc2026-track3-sys011-utt022.wav,wav/vmc2026-track3-sys019-utt021.wav,4.200236430047643
sys011,utt222,wav/vmc2026-track3-sys011-utt222.wav,wav/vmc2026-track3-sys019-utt221.wav,3.990009943565342
sys023,utt292,wav/vmc2026-track3-sys023-utt292.wav,wav/vmc2026-track3-sys019-utt291.wav,4.4503798111338675
sys023,utt138,wav/vmc2026-track3-sys023-utt138.wav,wav/vmc2026-track3-sys019-utt137.wav,4.084095773379816
sys012,utt200,wav/vmc2026-track3-sys012-utt200.wav,wav/vmc2026-track3-sys019-utt199.wav,4.007644812813836
sys009,utt180,wav/vmc2026-track3-sys009-utt180.wav,wav/vmc2026-track3-sys019-utt179.wav,4.256788810469335
sys010,utt152,wav/vmc2026-track3-sys010-utt152.wav,wav/vmc2026-track3-sys019-utt151.wav,4.037345120208841
sys026,utt318,wav/vmc2026-track3-sys026-utt318.wav,wav/vmc2026-track3-sys019-utt317.wav,4.459659756925462
sys017,utt206,wav/vmc2026-track3-sys017-utt206.wav,wav/vmc2026-track3-sys019-utt205.wav,3.89001948189218
sys018,utt318,wav/vmc2026-track3-sys018-utt318.wav,wav/vmc2026-track3-sys019-utt317.wav,3.716016715944666
sys005,utt122,wav/vmc2026-track3-sys005-utt122.wav,wav/vmc2026-track3-sys019-utt121.wav,3.1641079174305378
sys013,utt224,wav/vmc2026-track3-sys013-utt224.wav,wav/vmc2026-track3-sys019-utt223.wav,4.059199276653964
sys020,utt008,wav/vmc2026-track3-sys020-utt008.wav,wav/vmc2026-track3-sys019-utt007.wav,3.888932970856012
sys017,utt200,wav/vmc2026-track3-sys017-utt200.wav,wav/vmc2026-track3-sys019-utt199.wav,4.310328655446143
sys011,utt088,wav/vmc2026-track3-sys011-utt088.wav,wav/vmc2026-track3-sys019-utt087.wav,3.769200063091899
sys020,utt022,wav/vmc2026-track3-sys020-utt022.wav,wav/vmc2026-track3-sys019-utt021.wav,3.365431772888681
sys013,utt182,wav/vmc2026-track3-sys013-utt182.wav,wav/vmc2026-track3-sys019-utt181.wav,4.049797678584555
sys007,utt220,wav/vmc2026-track3-sys007-utt220.wav,wav/vmc2026-track3-sys019-utt219.wav,3.608672900314741
sys005,utt234,wav/vmc2026-track3-sys005-utt234.wav,wav/vmc2026-track3-sys019-utt233.wav,3.7817896931155577
sys025,utt088,wav/vmc2026-track3-sys025-utt088.wav,wav/vmc2026-track3-sys019-utt087.wav,3.440849947791856
sys005,utt128,wav/vmc2026-track3-sys005-utt128.wav,wav/vmc2026-track3-sys019-utt127.wav,3.4601865024793317
sys013,utt176,wav/vmc2026-track3-sys013-utt176.wav,wav/vmc2026-track3-sys019-utt175.wav,4.121019805455158
sys017,utt194,wav/vmc2026-track3-sys017-utt194.wav,wav/vmc2026-track3-sys019-utt193.wav,3.9059656478515987
sys005,utt084,wav/vmc2026-track3-sys005-utt084.wav,wav/vmc2026-track3-sys019-utt083.wav,3.405133043320565
sys022,utt180,wav/vmc2026-track3-sys022-utt180.wav,wav/vmc2026-track3-sys019-utt179.wav,3.2787754198582357
sys008,utt070,wav/vmc2026-track3-sys008-utt070.wav,wav/vmc2026-track3-sys019-utt069.wav,4.718631237407999
sys007,utt138,wav/vmc2026-track3-sys007-utt138.wav,wav/vmc2026-track3-sys019-utt137.wav,4.151653999618983
sys010,utt080,wav/vmc2026-track3-sys010-utt080.wav,wav/vmc2026-track3-sys019-utt079.wav,3.710315461076139
sys016,utt158,wav/vmc2026-track3-sys016-utt158.wav,wav/vmc2026-track3-sys019-utt157.wav,4.385431539677046
sys006,utt282,wav/vmc2026-track3-sys006-utt282.wav,wav/vmc2026-track3-sys019-utt281.wav,4.560065492329943
sys007,utt014,wav/vmc2026-track3-sys007-utt014.wav,wav/vmc2026-track3-sys019-utt013.wav,4.0049348755238885
sys020,utt102,wav/vmc2026-track3-sys020-utt102.wav,wav/vmc2026-track3-sys019-utt101.wav,3.145426808613354
sys006,utt080,wav/vmc2026-track3-sys006-utt080.wav,wav/vmc2026-track3-sys019-utt079.wav,4.089067179761433
sys013,utt146,wav/vmc2026-track3-sys013-utt146.wav,wav/vmc2026-track3-sys019-utt145.wav,4.073973277926268
sys010,utt216,wav/vmc2026-track3-sys010-utt216.wav,wav/vmc2026-track3-sys019-utt215.wav,4.415050656721291
sys024,utt268,wav/vmc2026-track3-sys024-utt268.wav,wav/vmc2026-track3-sys019-utt267.wav,3.9595452733770555
sys025,utt002,wav/vmc2026-track3-sys025-utt002.wav,wav/vmc2026-track3-sys019-utt001.wav,4.02850557111375
sys014,utt194,wav/vmc2026-track3-sys014-utt194.wav,wav/vmc2026-track3-sys019-utt193.wav,4.865028175083627
sys020,utt018,wav/vmc2026-track3-sys020-utt018.wav,wav/vmc2026-track3-sys019-utt017.wav,3.4725909354404374
sys010,utt186,wav/vmc2026-track3-sys010-utt186.wav,wav/vmc2026-track3-sys019-utt185.wav,3.254706516654662
sys020,utt030,wav/vmc2026-track3-sys020-utt030.wav,wav/vmc2026-track3-sys019-utt029.wav,2.893246386352783
sys006,utt072,wav/vmc2026-track3-sys006-utt072.wav,wav/vmc2026-track3-sys019-utt071.wav,4.025022729295704
sys020,utt196,wav/vmc2026-track3-sys020-utt196.wav,wav/vmc2026-track3-sys019-utt195.wav,3.307703145965236
sys002,utt160,wav/vmc2026-track3-sys002-utt160.wav,wav/vmc2026-track3-sys019-utt159.wav,4.94707454340097
sys010,utt202,wav/vmc2026-track3-sys010-utt202.wav,wav/vmc2026-track3-sys019-utt201.wav,4.370849984352263
sys022,utt146,wav/vmc2026-track3-sys022-utt146.wav,wav/vmc2026-track3-sys019-utt145.wav,3.210007987874129
sys026,utt082,wav/vmc2026-track3-sys026-utt082.wav,wav/vmc2026-track3-sys019-utt081.wav,4.054111027015418
sys017,utt286,wav/vmc2026-track3-sys017-utt286.wav,wav/vmc2026-track3-sys019-utt285.wav,4.047803836772395
sys002,utt242,wav/vmc2026-track3-sys002-utt242.wav,wav/vmc2026-track3-sys019-utt241.wav,4.554142630937627
sys001,utt270,wav/vmc2026-track3-sys001-utt270.wav,wav/vmc2026-track3-sys019-utt269.wav,4.214205204312581
sys008,utt110,wav/vmc2026-track3-sys008-utt110.wav,wav/vmc2026-track3-sys019-utt109.wav,4.714233010519862
sys010,utt066,wav/vmc2026-track3-sys010-utt066.wav,wav/vmc2026-track3-sys019-utt065.wav,3.927331896766905
sys013,utt230,wav/vmc2026-track3-sys013-utt230.wav,wav/vmc2026-track3-sys019-utt229.wav,4.257721866505263
sys017,utt308,wav/vmc2026-track3-sys017-utt308.wav,wav/vmc2026-track3-sys019-utt307.wav,3.484317889872452
sys007,utt130,wav/vmc2026-track3-sys007-utt130.wav,wav/vmc2026-track3-sys019-utt129.wav,4.1310583786387145
sys013,utt108,wav/vmc2026-track3-sys013-utt108.wav,wav/vmc2026-track3-sys019-utt107.wav,4.014573175283078
sys024,utt286,wav/vmc2026-track3-sys024-utt286.wav,wav/vmc2026-track3-sys019-utt285.wav,4.157294282013297
sys024,utt006,wav/vmc2026-track3-sys024-utt006.wav,wav/vmc2026-track3-sys019-utt005.wav,4.310884267548625
sys022,utt072,wav/vmc2026-track3-sys022-utt072.wav,wav/vmc2026-track3-sys019-utt071.wav,4.036242619184535
sys012,utt016,wav/vmc2026-track3-sys012-utt016.wav,wav/vmc2026-track3-sys019-utt015.wav,3.4088996538677194
sys001,utt086,wav/vmc2026-track3-sys001-utt086.wav,wav/vmc2026-track3-sys019-utt085.wav,4.320801054903589
sys023,utt116,wav/vmc2026-track3-sys023-utt116.wav,wav/vmc2026-track3-sys019-utt115.wav,3.941637569224007
sys024,utt218,wav/vmc2026-track3-sys024-utt218.wav,wav/vmc2026-track3-sys019-utt217.wav,4.472939255270942
sys002,utt112,wav/vmc2026-track3-sys002-utt112.wav,wav/vmc2026-track3-sys019-utt111.wav,4.170287826836103
sys018,utt118,wav/vmc2026-track3-sys018-utt118.wav,wav/vmc2026-track3-sys019-utt117.wav,3.6372817697136837
sys017,utt218,wav/vmc2026-track3-sys017-utt218.wav,wav/vmc2026-track3-sys019-utt217.wav,4.305453496116401
sys018,utt302,wav/vmc2026-track3-sys018-utt302.wav,wav/vmc2026-track3-sys019-utt301.wav,3.5465956798049305
sys001,utt044,wav/vmc2026-track3-sys001-utt044.wav,wav/vmc2026-track3-sys019-utt043.wav,3.932039083025
sys009,utt016,wav/vmc2026-track3-sys009-utt016.wav,wav/vmc2026-track3-sys019-utt015.wav,5.0
sys018,utt062,wav/vmc2026-track3-sys018-utt062.wav,wav/vmc2026-track3-sys019-utt061.wav,3.908574577377982
sys002,utt018,wav/vmc2026-track3-sys002-utt018.wav,wav/vmc2026-track3-sys019-utt017.wav,4.912856666756964
sys007,utt066,wav/vmc2026-track3-sys007-utt066.wav,wav/vmc2026-track3-sys019-utt065.wav,4.101048426884458
sys007,utt118,wav/vmc2026-track3-sys007-utt118.wav,wav/vmc2026-track3-sys019-utt117.wav,4.062218848175908
sys017,utt002,wav/vmc2026-track3-sys017-utt002.wav,wav/vmc2026-track3-sys019-utt001.wav,4.0866876496861675
sys023,utt016,wav/vmc2026-track3-sys023-utt016.wav,wav/vmc2026-track3-sys019-utt015.wav,4.816369104250518
sys020,utt086,wav/vmc2026-track3-sys020-utt086.wav,wav/vmc2026-track3-sys019-utt085.wav,3.0231902501950056
sys009,utt150,wav/vmc2026-track3-sys009-utt150.wav,wav/vmc2026-track3-sys019-utt149.wav,4.827231215856489
sys002,utt022,wav/vmc2026-track3-sys002-utt022.wav,wav/vmc2026-track3-sys019-utt021.wav,4.535786165823693
sys023,utt048,wav/vmc2026-track3-sys023-utt048.wav,wav/vmc2026-track3-sys019-utt047.wav,4.709226164238093
sys025,utt180,wav/vmc2026-track3-sys025-utt180.wav,wav/vmc2026-track3-sys019-utt179.wav,3.434939217033646
sys026,utt198,wav/vmc2026-track3-sys026-utt198.wav,wav/vmc2026-track3-sys019-utt197.wav,3.994444573158373
sys022,utt224,wav/vmc2026-track3-sys022-utt224.wav,wav/vmc2026-track3-sys019-utt223.wav,4.168563909652728
sys013,utt280,wav/vmc2026-track3-sys013-utt280.wav,wav/vmc2026-track3-sys019-utt279.wav,4.181017982706633
sys014,utt186,wav/vmc2026-track3-sys014-utt186.wav,wav/vmc2026-track3-sys019-utt185.wav,4.495601410665296
sys026,utt020,wav/vmc2026-track3-sys026-utt020.wav,wav/vmc2026-track3-sys019-utt019.wav,4.242667169083855
sys005,utt292,wav/vmc2026-track3-sys005-utt292.wav,wav/vmc2026-track3-sys019-utt291.wav,3.606557873934897
sys020,utt270,wav/vmc2026-track3-sys020-utt270.wav,wav/vmc2026-track3-sys019-utt269.wav,3.3513031910071294
sys006,utt172,wav/vmc2026-track3-sys006-utt172.wav,wav/vmc2026-track3-sys019-utt171.wav,4.166561337644839
sys023,utt242,wav/vmc2026-track3-sys023-utt242.wav,wav/vmc2026-track3-sys019-utt241.wav,4.46775534125583
sys005,utt232,wav/vmc2026-track3-sys005-utt232.wav,wav/vmc2026-track3-sys019-utt231.wav,3.3433552531114255
sys013,utt232,wav/vmc2026-track3-sys013-utt232.wav,wav/vmc2026-track3-sys019-utt231.wav,3.798554665321312
sys001,utt078,wav/vmc2026-track3-sys001-utt078.wav,wav/vmc2026-track3-sys019-utt077.wav,4.269213248754962
sys016,utt048,wav/vmc2026-track3-sys016-utt048.wav,wav/vmc2026-track3-sys019-utt047.wav,3.6539818253706793
sys026,utt104,wav/vmc2026-track3-sys026-utt104.wav,wav/vmc2026-track3-sys019-utt103.wav,4.266275398421449
sys013,utt316,wav/vmc2026-track3-sys013-utt316.wav,wav/vmc2026-track3-sys019-utt315.wav,3.4559846662023785
sys020,utt264,wav/vmc2026-track3-sys020-utt264.wav,wav/vmc2026-track3-sys019-utt263.wav,3.5277988864090553
sys022,utt262,wav/vmc2026-track3-sys022-utt262.wav,wav/vmc2026-track3-sys019-utt261.wav,4.011877617007025
sys011,utt314,wav/vmc2026-track3-sys011-utt314.wav,wav/vmc2026-track3-sys019-utt313.wav,4.36474524311737
sys024,utt200,wav/vmc2026-track3-sys024-utt200.wav,wav/vmc2026-track3-sys019-utt199.wav,4.1507656657762615
sys024,utt072,wav/vmc2026-track3-sys024-utt072.wav,wav/vmc2026-track3-sys019-utt071.wav,4.269491731678388
sys024,utt226,wav/vmc2026-track3-sys024-utt226.wav,wav/vmc2026-track3-sys019-utt225.wav,4.464688085042475
sys011,utt294,wav/vmc2026-track3-sys011-utt294.wav,wav/vmc2026-track3-sys019-utt293.wav,4.825293836196552
sys001,utt010,wav/vmc2026-track3-sys001-utt010.wav,wav/vmc2026-track3-sys019-utt009.wav,4.387581479506664
sys012,utt050,wav/vmc2026-track3-sys012-utt050.wav,wav/vmc2026-track3-sys019-utt049.wav,4.074850938782559
sys009,utt122,wav/vmc2026-track3-sys009-utt122.wav,wav/vmc2026-track3-sys019-utt121.wav,4.401096877404243
sys018,utt040,wav/vmc2026-track3-sys018-utt040.wav,wav/vmc2026-track3-sys019-utt039.wav,3.7307403800898413
sys002,utt150,wav/vmc2026-track3-sys002-utt150.wav,wav/vmc2026-track3-sys019-utt149.wav,4.368516698944212
sys006,utt292,wav/vmc2026-track3-sys006-utt292.wav,wav/vmc2026-track3-sys019-utt291.wav,4.310417494017159
sys014,utt272,wav/vmc2026-track3-sys014-utt272.wav,wav/vmc2026-track3-sys019-utt271.wav,4.5345619498668555
sys023,utt288,wav/vmc2026-track3-sys023-utt288.wav,wav/vmc2026-track3-sys019-utt287.wav,4.401850598283416
sys002,utt082,wav/vmc2026-track3-sys002-utt082.wav,wav/vmc2026-track3-sys019-utt081.wav,4.349521400566841
sys024,utt108,wav/vmc2026-track3-sys024-utt108.wav,wav/vmc2026-track3-sys019-utt107.wav,4.353762628372558
sys002,utt314,wav/vmc2026-track3-sys002-utt314.wav,wav/vmc2026-track3-sys019-utt313.wav,4.459818701589988
sys011,utt316,wav/vmc2026-track3-sys011-utt316.wav,wav/vmc2026-track3-sys019-utt315.wav,3.7182272860745647
sys010,utt224,wav/vmc2026-track3-sys010-utt224.wav,wav/vmc2026-track3-sys019-utt223.wav,3.7363966986788655
sys017,utt248,wav/vmc2026-track3-sys017-utt248.wav,wav/vmc2026-track3-sys019-utt247.wav,3.7464728626712502
sys022,utt124,wav/vmc2026-track3-sys022-utt124.wav,wav/vmc2026-track3-sys019-utt123.wav,4.04062734027689
sys024,utt102,wav/vmc2026-track3-sys024-utt102.wav,wav/vmc2026-track3-sys019-utt101.wav,3.766851015276932
sys007,utt012,wav/vmc2026-track3-sys007-utt012.wav,wav/vmc2026-track3-sys019-utt011.wav,3.8789335878859883
sys001,utt180,wav/vmc2026-track3-sys001-utt180.wav,wav/vmc2026-track3-sys019-utt179.wav,3.7531135043189088
sys025,utt042,wav/vmc2026-track3-sys025-utt042.wav,wav/vmc2026-track3-sys019-utt041.wav,3.720699224166057
sys001,utt062,wav/vmc2026-track3-sys001-utt062.wav,wav/vmc2026-track3-sys019-utt061.wav,3.539903670806872
sys024,utt012,wav/vmc2026-track3-sys024-utt012.wav,wav/vmc2026-track3-sys019-utt011.wav,3.8155152269561605
sys024,utt312,wav/vmc2026-track3-sys024-utt312.wav,wav/vmc2026-track3-sys019-utt311.wav,4.333604282663237
sys016,utt134,wav/vmc2026-track3-sys016-utt134.wav,wav/vmc2026-track3-sys019-utt133.wav,3.3541763571270136
sys014,utt130,wav/vmc2026-track3-sys014-utt130.wav,wav/vmc2026-track3-sys019-utt129.wav,4.517121496558269
sys020,utt208,wav/vmc2026-track3-sys020-utt208.wav,wav/vmc2026-track3-sys019-utt207.wav,3.473867722263936
sys020,utt038,wav/vmc2026-track3-sys020-utt038.wav,wav/vmc2026-track3-sys019-utt037.wav,3.709021411425237
sys010,utt198,wav/vmc2026-track3-sys010-utt198.wav,wav/vmc2026-track3-sys019-utt197.wav,3.957848855157358
sys023,utt182,wav/vmc2026-track3-sys023-utt182.wav,wav/vmc2026-track3-sys019-utt181.wav,4.434022736653757
sys005,utt194,wav/vmc2026-track3-sys005-utt194.wav,wav/vmc2026-track3-sys019-utt193.wav,3.3833640533467126
sys007,utt178,wav/vmc2026-track3-sys007-utt178.wav,wav/vmc2026-track3-sys019-utt177.wav,3.2667162947737505
sys011,utt120,wav/vmc2026-track3-sys011-utt120.wav,wav/vmc2026-track3-sys019-utt119.wav,3.623154704403834
sys018,utt290,wav/vmc2026-track3-sys018-utt290.wav,wav/vmc2026-track3-sys019-utt289.wav,3.0810443388522306
sys010,utt316,wav/vmc2026-track3-sys010-utt316.wav,wav/vmc2026-track3-sys019-utt315.wav,3.4473723454053324
sys010,utt310,wav/vmc2026-track3-sys010-utt310.wav,wav/vmc2026-track3-sys019-utt309.wav,3.8118649273240637
sys018,utt298,wav/vmc2026-track3-sys018-utt298.wav,wav/vmc2026-track3-sys019-utt297.wav,3.7404465214434413
sys005,utt238,wav/vmc2026-track3-sys005-utt238.wav,wav/vmc2026-track3-sys019-utt237.wav,3.660234984186213
sys022,utt032,wav/vmc2026-track3-sys022-utt032.wav,wav/vmc2026-track3-sys019-utt031.wav,3.308921859576555
sys026,utt246,wav/vmc2026-track3-sys026-utt246.wav,wav/vmc2026-track3-sys019-utt245.wav,3.7661018339662014
sys002,utt138,wav/vmc2026-track3-sys002-utt138.wav,wav/vmc2026-track3-sys019-utt137.wav,3.916846188288867
sys005,utt174,wav/vmc2026-track3-sys005-utt174.wav,wav/vmc2026-track3-sys019-utt173.wav,2.7118706958437544
sys018,utt080,wav/vmc2026-track3-sys018-utt080.wav,wav/vmc2026-track3-sys019-utt079.wav,3.6098282187725257
sys026,utt116,wav/vmc2026-track3-sys026-utt116.wav,wav/vmc2026-track3-sys019-utt115.wav,3.9773436867498373
sys016,utt036,wav/vmc2026-track3-sys016-utt036.wav,wav/vmc2026-track3-sys019-utt035.wav,3.907613384644277
sys022,utt158,wav/vmc2026-track3-sys022-utt158.wav,wav/vmc2026-track3-sys019-utt157.wav,4.502316669473338
sys007,utt050,wav/vmc2026-track3-sys007-utt050.wav,wav/vmc2026-track3-sys019-utt049.wav,4.24165125879752
sys001,utt028,wav/vmc2026-track3-sys001-utt028.wav,wav/vmc2026-track3-sys019-utt027.wav,4.382184836712469
sys020,utt046,wav/vmc2026-track3-sys020-utt046.wav,wav/vmc2026-track3-sys019-utt045.wav,3.0522727939488514
sys026,utt160,wav/vmc2026-track3-sys026-utt160.wav,wav/vmc2026-track3-sys019-utt159.wav,4.235453627916465
sys022,utt064,wav/vmc2026-track3-sys022-utt064.wav,wav/vmc2026-track3-sys019-utt063.wav,3.436827283686689
sys009,utt130,wav/vmc2026-track3-sys009-utt130.wav,wav/vmc2026-track3-sys019-utt129.wav,4.988911002098827
sys005,utt306,wav/vmc2026-track3-sys005-utt306.wav,wav/vmc2026-track3-sys019-utt305.wav,3.922823258359294
sys007,utt242,wav/vmc2026-track3-sys007-utt242.wav,wav/vmc2026-track3-sys019-utt241.wav,4.325862977069908
sys002,utt076,wav/vmc2026-track3-sys002-utt076.wav,wav/vmc2026-track3-sys019-utt075.wav,4.49976709364197
sys024,utt284,wav/vmc2026-track3-sys024-utt284.wav,wav/vmc2026-track3-sys019-utt283.wav,4.211228974688546
sys018,utt294,wav/vmc2026-track3-sys018-utt294.wav,wav/vmc2026-track3-sys019-utt293.wav,2.3027615530987013
sys020,utt062,wav/vmc2026-track3-sys020-utt062.wav,wav/vmc2026-track3-sys019-utt061.wav,3.671050322168507
sys005,utt204,wav/vmc2026-track3-sys005-utt204.wav,wav/vmc2026-track3-sys019-utt203.wav,3.098834947893823
sys026,utt208,wav/vmc2026-track3-sys026-utt208.wav,wav/vmc2026-track3-sys019-utt207.wav,4.063297180176102
sys010,utt022,wav/vmc2026-track3-sys010-utt022.wav,wav/vmc2026-track3-sys019-utt021.wav,3.9445831058296488
sys001,utt132,wav/vmc2026-track3-sys001-utt132.wav,wav/vmc2026-track3-sys019-utt131.wav,3.725294052803431
sys018,utt154,wav/vmc2026-track3-sys018-utt154.wav,wav/vmc2026-track3-sys019-utt153.wav,3.8847130037932653
sys023,utt156,wav/vmc2026-track3-sys023-utt156.wav,wav/vmc2026-track3-sys019-utt155.wav,4.811952830298106
sys012,utt288,wav/vmc2026-track3-sys012-utt288.wav,wav/vmc2026-track3-sys019-utt287.wav,4.193766455015164
sys008,utt144,wav/vmc2026-track3-sys008-utt144.wav,wav/vmc2026-track3-sys019-utt143.wav,4.079334082891703
sys002,utt198,wav/vmc2026-track3-sys002-utt198.wav,wav/vmc2026-track3-sys019-utt197.wav,4.396942747153178
sys013,utt046,wav/vmc2026-track3-sys013-utt046.wav,wav/vmc2026-track3-sys019-utt045.wav,4.400550183873426
sys008,utt146,wav/vmc2026-track3-sys008-utt146.wav,wav/vmc2026-track3-sys019-utt145.wav,4.326514157269684
sys008,utt004,wav/vmc2026-track3-sys008-utt004.wav,wav/vmc2026-track3-sys019-utt003.wav,4.949580907449278
sys001,utt218,wav/vmc2026-track3-sys001-utt218.wav,wav/vmc2026-track3-sys019-utt217.wav,4.308073341611292
sys012,utt090,wav/vmc2026-track3-sys012-utt090.wav,wav/vmc2026-track3-sys019-utt089.wav,4.273083569129024
sys008,utt158,wav/vmc2026-track3-sys008-utt158.wav,wav/vmc2026-track3-sys019-utt157.wav,4.70991456744271
sys023,utt196,wav/vmc2026-track3-sys023-utt196.wav,wav/vmc2026-track3-sys019-utt195.wav,4.756720185364366
sys011,utt198,wav/vmc2026-track3-sys011-utt198.wav,wav/vmc2026-track3-sys019-utt197.wav,4.5424324531739115
sys008,utt302,wav/vmc2026-track3-sys008-utt302.wav,wav/vmc2026-track3-sys019-utt301.wav,4.945677270619388
sys026,utt222,wav/vmc2026-track3-sys026-utt222.wav,wav/vmc2026-track3-sys019-utt221.wav,4.050395634726311
sys026,utt090,wav/vmc2026-track3-sys026-utt090.wav,wav/vmc2026-track3-sys019-utt089.wav,4.198707946735151
sys014,utt160,wav/vmc2026-track3-sys014-utt160.wav,wav/vmc2026-track3-sys019-utt159.wav,4.779758481942944
sys010,utt064,wav/vmc2026-track3-sys010-utt064.wav,wav/vmc2026-track3-sys019-utt063.wav,3.6904972630354904
sys012,utt018,wav/vmc2026-track3-sys012-utt018.wav,wav/vmc2026-track3-sys019-utt017.wav,4.3457674235490265
sys006,utt200,wav/vmc2026-track3-sys006-utt200.wav,wav/vmc2026-track3-sys019-utt199.wav,4.683399622614463
sys018,utt312,wav/vmc2026-track3-sys018-utt312.wav,wav/vmc2026-track3-sys019-utt311.wav,3.7505262154337804
sys026,utt186,wav/vmc2026-track3-sys026-utt186.wav,wav/vmc2026-track3-sys019-utt185.wav,3.9119620466735063
sys023,utt246,wav/vmc2026-track3-sys023-utt246.wav,wav/vmc2026-track3-sys019-utt245.wav,4.4960681148592645
sys010,utt006,wav/vmc2026-track3-sys010-utt006.wav,wav/vmc2026-track3-sys019-utt005.wav,4.201519950331283
sys001,utt110,wav/vmc2026-track3-sys001-utt110.wav,wav/vmc2026-track3-sys019-utt109.wav,3.8195175993342065
sys014,utt236,wav/vmc2026-track3-sys014-utt236.wav,wav/vmc2026-track3-sys019-utt235.wav,4.410115600448565
sys012,utt272,wav/vmc2026-track3-sys012-utt272.wav,wav/vmc2026-track3-sys019-utt271.wav,3.871419451656975
sys002,utt204,wav/vmc2026-track3-sys002-utt204.wav,wav/vmc2026-track3-sys019-utt203.wav,4.800717467677015
sys007,utt298,wav/vmc2026-track3-sys007-utt298.wav,wav/vmc2026-track3-sys019-utt297.wav,3.6240785159803437
sys016,utt106,wav/vmc2026-track3-sys016-utt106.wav,wav/vmc2026-track3-sys019-utt105.wav,3.7608450883119438
sys008,utt014,wav/vmc2026-track3-sys008-utt014.wav,wav/vmc2026-track3-sys019-utt013.wav,5.0
sys025,utt082,wav/vmc2026-track3-sys025-utt082.wav,wav/vmc2026-track3-sys019-utt081.wav,3.2112226248917786
sys006,utt300,wav/vmc2026-track3-sys006-utt300.wav,wav/vmc2026-track3-sys019-utt299.wav,4.445739703605238
sys025,utt286,wav/vmc2026-track3-sys025-utt286.wav,wav/vmc2026-track3-sys019-utt285.wav,3.3758794020538243
sys017,utt284,wav/vmc2026-track3-sys017-utt284.wav,wav/vmc2026-track3-sys019-utt283.wav,4.214385755697048
sys006,utt182,wav/vmc2026-track3-sys006-utt182.wav,wav/vmc2026-track3-sys019-utt181.wav,4.2741813255870476
sys012,utt178,wav/vmc2026-track3-sys012-utt178.wav,wav/vmc2026-track3-sys019-utt177.wav,3.867242837469685
sys016,utt070,wav/vmc2026-track3-sys016-utt070.wav,wav/vmc2026-track3-sys019-utt069.wav,3.452562041759546
sys006,utt122,wav/vmc2026-track3-sys006-utt122.wav,wav/vmc2026-track3-sys019-utt121.wav,4.554368340214929
sys011,utt298,wav/vmc2026-track3-sys011-utt298.wav,wav/vmc2026-track3-sys019-utt297.wav,4.536910711874533
sys006,utt026,wav/vmc2026-track3-sys006-utt026.wav,wav/vmc2026-track3-sys019-utt025.wav,4.2819608848775825
sys012,utt116,wav/vmc2026-track3-sys012-utt116.wav,wav/vmc2026-track3-sys019-utt115.wav,3.1112668718530685
sys023,utt248,wav/vmc2026-track3-sys023-utt248.wav,wav/vmc2026-track3-sys019-utt247.wav,4.455648335678502
sys018,utt288,wav/vmc2026-track3-sys018-utt288.wav,wav/vmc2026-track3-sys019-utt287.wav,3.6674471522700065
sys012,utt198,wav/vmc2026-track3-sys012-utt198.wav,wav/vmc2026-track3-sys019-utt197.wav,3.439328676454747
sys014,utt192,wav/vmc2026-track3-sys014-utt192.wav,wav/vmc2026-track3-sys019-utt191.wav,4.6297145285848185
sys017,utt242,wav/vmc2026-track3-sys017-utt242.wav,wav/vmc2026-track3-sys019-utt241.wav,4.40200620455239
sys010,utt210,wav/vmc2026-track3-sys010-utt210.wav,wav/vmc2026-track3-sys019-utt209.wav,3.8503931147496573
sys024,utt134,wav/vmc2026-track3-sys024-utt134.wav,wav/vmc2026-track3-sys019-utt133.wav,3.8178139474400847
sys013,utt090,wav/vmc2026-track3-sys013-utt090.wav,wav/vmc2026-track3-sys019-utt089.wav,3.871046617278054
sys006,utt160,wav/vmc2026-track3-sys006-utt160.wav,wav/vmc2026-track3-sys019-utt159.wav,4.423561962323954
sys020,utt276,wav/vmc2026-track3-sys020-utt276.wav,wav/vmc2026-track3-sys019-utt275.wav,3.4365991971712915
sys017,utt214,wav/vmc2026-track3-sys017-utt214.wav,wav/vmc2026-track3-sys019-utt213.wav,4.3018160831488155
sys016,utt286,wav/vmc2026-track3-sys016-utt286.wav,wav/vmc2026-track3-sys019-utt285.wav,3.920989567954812
sys013,utt138,wav/vmc2026-track3-sys013-utt138.wav,wav/vmc2026-track3-sys019-utt137.wav,3.6891124980931442
sys024,utt264,wav/vmc2026-track3-sys024-utt264.wav,wav/vmc2026-track3-sys019-utt263.wav,4.251111784527443
sys024,utt114,wav/vmc2026-track3-sys024-utt114.wav,wav/vmc2026-track3-sys019-utt113.wav,4.032319109026133
sys024,utt206,wav/vmc2026-track3-sys024-utt206.wav,wav/vmc2026-track3-sys019-utt205.wav,3.6754803049423392
sys014,utt084,wav/vmc2026-track3-sys014-utt084.wav,wav/vmc2026-track3-sys019-utt083.wav,4.474910641793895
sys006,utt042,wav/vmc2026-track3-sys006-utt042.wav,wav/vmc2026-track3-sys019-utt041.wav,4.468694339205403
sys010,utt250,wav/vmc2026-track3-sys010-utt250.wav,wav/vmc2026-track3-sys019-utt249.wav,4.113824661475658
sys026,utt232,wav/vmc2026-track3-sys026-utt232.wav,wav/vmc2026-track3-sys019-utt231.wav,4.4208595592072015
sys025,utt298,wav/vmc2026-track3-sys025-utt298.wav,wav/vmc2026-track3-sys019-utt297.wav,4.045235373304543
sys026,utt270,wav/vmc2026-track3-sys026-utt270.wav,wav/vmc2026-track3-sys019-utt269.wav,3.7610301085873923
sys002,utt086,wav/vmc2026-track3-sys002-utt086.wav,wav/vmc2026-track3-sys019-utt085.wav,4.471977445188906
sys022,utt202,wav/vmc2026-track3-sys022-utt202.wav,wav/vmc2026-track3-sys019-utt201.wav,4.081016306280311
sys008,utt228,wav/vmc2026-track3-sys008-utt228.wav,wav/vmc2026-track3-sys019-utt227.wav,4.32562942776045
sys013,utt244,wav/vmc2026-track3-sys013-utt244.wav,wav/vmc2026-track3-sys019-utt243.wav,4.330901969314905
sys020,utt078,wav/vmc2026-track3-sys020-utt078.wav,wav/vmc2026-track3-sys019-utt077.wav,3.457317689218378
sys010,utt286,wav/vmc2026-track3-sys010-utt286.wav,wav/vmc2026-track3-sys019-utt285.wav,3.7165845746802555
sys010,utt148,wav/vmc2026-track3-sys010-utt148.wav,wav/vmc2026-track3-sys019-utt147.wav,4.136883524020717
sys002,utt304,wav/vmc2026-track3-sys002-utt304.wav,wav/vmc2026-track3-sys019-utt303.wav,4.4187489693063755
sys008,utt038,wav/vmc2026-track3-sys008-utt038.wav,wav/vmc2026-track3-sys019-utt037.wav,4.773533522552162
sys018,utt084,wav/vmc2026-track3-sys018-utt084.wav,wav/vmc2026-track3-sys019-utt083.wav,3.1742634321771708
sys009,utt044,wav/vmc2026-track3-sys009-utt044.wav,wav/vmc2026-track3-sys019-utt043.wav,4.732299932403121
sys023,utt282,wav/vmc2026-track3-sys023-utt282.wav,wav/vmc2026-track3-sys019-utt281.wav,4.896312512216306
sys014,utt062,wav/vmc2026-track3-sys014-utt062.wav,wav/vmc2026-track3-sys019-utt061.wav,3.8444273705776655
sys017,utt018,wav/vmc2026-track3-sys017-utt018.wav,wav/vmc2026-track3-sys019-utt017.wav,4.374624617609665
sys022,utt136,wav/vmc2026-track3-sys022-utt136.wav,wav/vmc2026-track3-sys019-utt135.wav,3.5726026849257284
sys018,utt234,wav/vmc2026-track3-sys018-utt234.wav,wav/vmc2026-track3-sys019-utt233.wav,3.4657007299889937
sys014,utt212,wav/vmc2026-track3-sys014-utt212.wav,wav/vmc2026-track3-sys019-utt211.wav,4.529111667249284
sys024,utt236,wav/vmc2026-track3-sys024-utt236.wav,wav/vmc2026-track3-sys019-utt235.wav,4.313729602386177
sys009,utt118,wav/vmc2026-track3-sys009-utt118.wav,wav/vmc2026-track3-sys019-utt117.wav,4.52565778366225
sys006,utt220,wav/vmc2026-track3-sys006-utt220.wav,wav/vmc2026-track3-sys019-utt219.wav,4.034003602600469
sys012,utt292,wav/vmc2026-track3-sys012-utt292.wav,wav/vmc2026-track3-sys019-utt291.wav,4.170848470416181
sys013,utt086,wav/vmc2026-track3-sys013-utt086.wav,wav/vmc2026-track3-sys019-utt085.wav,3.7227438881794126
sys012,utt216,wav/vmc2026-track3-sys012-utt216.wav,wav/vmc2026-track3-sys019-utt215.wav,4.2556327697690755
sys020,utt232,wav/vmc2026-track3-sys020-utt232.wav,wav/vmc2026-track3-sys019-utt231.wav,3.2786780002811224
sys007,utt174,wav/vmc2026-track3-sys007-utt174.wav,wav/vmc2026-track3-sys019-utt173.wav,3.5244493574035447
sys016,utt228,wav/vmc2026-track3-sys016-utt228.wav,wav/vmc2026-track3-sys019-utt227.wav,3.8720114427985433
sys025,utt010,wav/vmc2026-track3-sys025-utt010.wav,wav/vmc2026-track3-sys019-utt009.wav,3.3974532335480925
sys014,utt158,wav/vmc2026-track3-sys014-utt158.wav,wav/vmc2026-track3-sys019-utt157.wav,4.679807703909253
sys002,utt178,wav/vmc2026-track3-sys002-utt178.wav,wav/vmc2026-track3-sys019-utt177.wav,4.043900140235251
sys025,utt032,wav/vmc2026-track3-sys025-utt032.wav,wav/vmc2026-track3-sys019-utt031.wav,3.594063401055845
sys001,utt232,wav/vmc2026-track3-sys001-utt232.wav,wav/vmc2026-track3-sys019-utt231.wav,3.9390811402371604
sys026,utt008,wav/vmc2026-track3-sys026-utt008.wav,wav/vmc2026-track3-sys019-utt007.wav,3.9336578091028374
sys005,utt300,wav/vmc2026-track3-sys005-utt300.wav,wav/vmc2026-track3-sys019-utt299.wav,3.562267813296209
sys001,utt102,wav/vmc2026-track3-sys001-utt102.wav,wav/vmc2026-track3-sys019-utt101.wav,3.4972834688120242
sys026,utt236,wav/vmc2026-track3-sys026-utt236.wav,wav/vmc2026-track3-sys019-utt235.wav,4.238198871905411
sys020,utt048,wav/vmc2026-track3-sys020-utt048.wav,wav/vmc2026-track3-sys019-utt047.wav,3.369081708898166
sys012,utt128,wav/vmc2026-track3-sys012-utt128.wav,wav/vmc2026-track3-sys019-utt127.wav,3.9806451437471946
sys013,utt206,wav/vmc2026-track3-sys013-utt206.wav,wav/vmc2026-track3-sys019-utt205.wav,4.126808210496256
sys013,utt118,wav/vmc2026-track3-sys013-utt118.wav,wav/vmc2026-track3-sys019-utt117.wav,3.7577868322183385
sys009,utt176,wav/vmc2026-track3-sys009-utt176.wav,wav/vmc2026-track3-sys019-utt175.wav,3.9436103346358853
sys014,utt222,wav/vmc2026-track3-sys014-utt222.wav,wav/vmc2026-track3-sys019-utt221.wav,4.28893271360133
sys002,utt142,wav/vmc2026-track3-sys002-utt142.wav,wav/vmc2026-track3-sys019-utt141.wav,4.264452219540813
sys011,utt110,wav/vmc2026-track3-sys011-utt110.wav,wav/vmc2026-track3-sys019-utt109.wav,3.841987872970292
sys011,utt008,wav/vmc2026-track3-sys011-utt008.wav,wav/vmc2026-track3-sys019-utt007.wav,4.598557201252779
sys024,utt280,wav/vmc2026-track3-sys024-utt280.wav,wav/vmc2026-track3-sys019-utt279.wav,4.10325711528345
sys014,utt042,wav/vmc2026-track3-sys014-utt042.wav,wav/vmc2026-track3-sys019-utt041.wav,4.002304557297352
sys024,utt282,wav/vmc2026-track3-sys024-utt282.wav,wav/vmc2026-track3-sys019-utt281.wav,4.070162567801052
sys008,utt194,wav/vmc2026-track3-sys008-utt194.wav,wav/vmc2026-track3-sys019-utt193.wav,4.731652603035844
sys020,utt016,wav/vmc2026-track3-sys020-utt016.wav,wav/vmc2026-track3-sys019-utt015.wav,2.9843516704064506
sys009,utt194,wav/vmc2026-track3-sys009-utt194.wav,wav/vmc2026-track3-sys019-utt193.wav,5.0
sys008,utt242,wav/vmc2026-track3-sys008-utt242.wav,wav/vmc2026-track3-sys019-utt241.wav,4.743664837498646
sys001,utt202,wav/vmc2026-track3-sys001-utt202.wav,wav/vmc2026-track3-sys019-utt201.wav,3.7656398653054834
sys020,utt156,wav/vmc2026-track3-sys020-utt156.wav,wav/vmc2026-track3-sys019-utt155.wav,3.8892849951853448
sys012,utt126,wav/vmc2026-track3-sys012-utt126.wav,wav/vmc2026-track3-sys019-utt125.wav,3.9853375728777105
sys009,utt234,wav/vmc2026-track3-sys009-utt234.wav,wav/vmc2026-track3-sys019-utt233.wav,4.458775770940679
sys022,utt138,wav/vmc2026-track3-sys022-utt138.wav,wav/vmc2026-track3-sys019-utt137.wav,3.6150236417688655
sys009,utt158,wav/vmc2026-track3-sys009-utt158.wav,wav/vmc2026-track3-sys019-utt157.wav,4.544746341677957
sys008,utt080,wav/vmc2026-track3-sys008-utt080.wav,wav/vmc2026-track3-sys019-utt079.wav,4.736698488385377
sys005,utt124,wav/vmc2026-track3-sys005-utt124.wav,wav/vmc2026-track3-sys019-utt123.wav,3.2679738639449933
sys012,utt302,wav/vmc2026-track3-sys012-utt302.wav,wav/vmc2026-track3-sys019-utt301.wav,3.92210803334981
sys023,utt268,wav/vmc2026-track3-sys023-utt268.wav,wav/vmc2026-track3-sys019-utt267.wav,3.8548455821394008
sys025,utt118,wav/vmc2026-track3-sys025-utt118.wav,wav/vmc2026-track3-sys019-utt117.wav,3.867984933755845
sys001,utt300,wav/vmc2026-track3-sys001-utt300.wav,wav/vmc2026-track3-sys019-utt299.wav,3.8934475498887537
sys026,utt276,wav/vmc2026-track3-sys026-utt276.wav,wav/vmc2026-track3-sys019-utt275.wav,4.406383299550486
sys023,utt112,wav/vmc2026-track3-sys023-utt112.wav,wav/vmc2026-track3-sys019-utt111.wav,4.237583874536742
sys023,utt296,wav/vmc2026-track3-sys023-utt296.wav,wav/vmc2026-track3-sys019-utt295.wav,4.6546423635496295
sys009,utt290,wav/vmc2026-track3-sys009-utt290.wav,wav/vmc2026-track3-sys019-utt289.wav,4.892351664317335
sys025,utt108,wav/vmc2026-track3-sys025-utt108.wav,wav/vmc2026-track3-sys019-utt107.wav,3.9296730892944254
sys008,utt198,wav/vmc2026-track3-sys008-utt198.wav,wav/vmc2026-track3-sys019-utt197.wav,4.659847000719635
sys001,utt236,wav/vmc2026-track3-sys001-utt236.wav,wav/vmc2026-track3-sys019-utt235.wav,3.843116411255256
sys009,utt024,wav/vmc2026-track3-sys009-utt024.wav,wav/vmc2026-track3-sys019-utt023.wav,4.626404335224445
sys002,utt014,wav/vmc2026-track3-sys002-utt014.wav,wav/vmc2026-track3-sys019-utt013.wav,4.544913514340228
sys018,utt146,wav/vmc2026-track3-sys018-utt146.wav,wav/vmc2026-track3-sys019-utt145.wav,3.44934005129217
sys020,utt204,wav/vmc2026-track3-sys020-utt204.wav,wav/vmc2026-track3-sys019-utt203.wav,3.3708409625111733
sys008,utt082,wav/vmc2026-track3-sys008-utt082.wav,wav/vmc2026-track3-sys019-utt081.wav,4.59964707115028
sys001,utt308,wav/vmc2026-track3-sys001-utt308.wav,wav/vmc2026-track3-sys019-utt307.wav,3.875252258330863
sys005,utt196,wav/vmc2026-track3-sys005-utt196.wav,wav/vmc2026-track3-sys019-utt195.wav,3.4458133278684437
sys022,utt318,wav/vmc2026-track3-sys022-utt318.wav,wav/vmc2026-track3-sys019-utt317.wav,4.221472502163616
sys005,utt044,wav/vmc2026-track3-sys005-utt044.wav,wav/vmc2026-track3-sys019-utt043.wav,3.1710182395331397
sys001,utt316,wav/vmc2026-track3-sys001-utt316.wav,wav/vmc2026-track3-sys019-utt315.wav,3.7544966155433075
sys007,utt280,wav/vmc2026-track3-sys007-utt280.wav,wav/vmc2026-track3-sys019-utt279.wav,3.7413911491917826
sys009,utt228,wav/vmc2026-track3-sys009-utt228.wav,wav/vmc2026-track3-sys019-utt227.wav,4.644687655328158
sys024,utt178,wav/vmc2026-track3-sys024-utt178.wav,wav/vmc2026-track3-sys019-utt177.wav,4.234086737366907
sys008,utt012,wav/vmc2026-track3-sys008-utt012.wav,wav/vmc2026-track3-sys019-utt011.wav,4.688327860899304
sys018,utt250,wav/vmc2026-track3-sys018-utt250.wav,wav/vmc2026-track3-sys019-utt249.wav,3.981549718878862
sys005,utt062,wav/vmc2026-track3-sys005-utt062.wav,wav/vmc2026-track3-sys019-utt061.wav,3.4126020285886125
sys017,utt282,wav/vmc2026-track3-sys017-utt282.wav,wav/vmc2026-track3-sys019-utt281.wav,4.568570240489843
sys018,utt038,wav/vmc2026-track3-sys018-utt038.wav,wav/vmc2026-track3-sys019-utt037.wav,3.885291199525806
sys026,utt146,wav/vmc2026-track3-sys026-utt146.wav,wav/vmc2026-track3-sys019-utt145.wav,3.7813511641508026
sys017,utt074,wav/vmc2026-track3-sys017-utt074.wav,wav/vmc2026-track3-sys019-utt073.wav,4.2529143895622905
sys018,utt278,wav/vmc2026-track3-sys018-utt278.wav,wav/vmc2026-track3-sys019-utt277.wav,3.8981469611122197
sys022,utt132,wav/vmc2026-track3-sys022-utt132.wav,wav/vmc2026-track3-sys019-utt131.wav,3.658478025818619
sys025,utt182,wav/vmc2026-track3-sys025-utt182.wav,wav/vmc2026-track3-sys019-utt181.wav,3.603541869325481
sys014,utt216,wav/vmc2026-track3-sys014-utt216.wav,wav/vmc2026-track3-sys019-utt215.wav,4.6322962024776295
sys017,utt310,wav/vmc2026-track3-sys017-utt310.wav,wav/vmc2026-track3-sys019-utt309.wav,3.974871318006134
sys023,utt022,wav/vmc2026-track3-sys023-utt022.wav,wav/vmc2026-track3-sys019-utt021.wav,4.602245992305244
sys007,utt132,wav/vmc2026-track3-sys007-utt132.wav,wav/vmc2026-track3-sys019-utt131.wav,3.4965754055438345
sys024,utt232,wav/vmc2026-track3-sys024-utt232.wav,wav/vmc2026-track3-sys019-utt231.wav,4.0442223973207225
sys009,utt088,wav/vmc2026-track3-sys009-utt088.wav,wav/vmc2026-track3-sys019-utt087.wav,4.094304794249445
sys013,utt124,wav/vmc2026-track3-sys013-utt124.wav,wav/vmc2026-track3-sys019-utt123.wav,3.9425962924002285
sys026,utt316,wav/vmc2026-track3-sys026-utt316.wav,wav/vmc2026-track3-sys019-utt315.wav,3.7845992314903563
sys026,utt134,wav/vmc2026-track3-sys026-utt134.wav,wav/vmc2026-track3-sys019-utt133.wav,3.461749540974367
sys026,utt206,wav/vmc2026-track3-sys026-utt206.wav,wav/vmc2026-track3-sys019-utt205.wav,3.9349437016415085
sys010,utt036,wav/vmc2026-track3-sys010-utt036.wav,wav/vmc2026-track3-sys019-utt035.wav,3.5990494172894354
sys010,utt126,wav/vmc2026-track3-sys010-utt126.wav,wav/vmc2026-track3-sys019-utt125.wav,4.367899344117207
sys001,utt290,wav/vmc2026-track3-sys001-utt290.wav,wav/vmc2026-track3-sys019-utt289.wav,3.6068335661026407
sys016,utt068,wav/vmc2026-track3-sys016-utt068.wav,wav/vmc2026-track3-sys019-utt067.wav,4.012741142637296
sys017,utt160,wav/vmc2026-track3-sys017-utt160.wav,wav/vmc2026-track3-sys019-utt159.wav,4.411606098844876
sys012,utt138,wav/vmc2026-track3-sys012-utt138.wav,wav/vmc2026-track3-sys019-utt137.wav,3.2614327871116022
sys024,utt196,wav/vmc2026-track3-sys024-utt196.wav,wav/vmc2026-track3-sys019-utt195.wav,4.190452485233539
sys026,utt030,wav/vmc2026-track3-sys026-utt030.wav,wav/vmc2026-track3-sys019-utt029.wav,4.635573985805031
sys006,utt014,wav/vmc2026-track3-sys006-utt014.wav,wav/vmc2026-track3-sys019-utt013.wav,5.0
sys023,utt298,wav/vmc2026-track3-sys023-utt298.wav,wav/vmc2026-track3-sys019-utt297.wav,5.0
sys008,utt280,wav/vmc2026-track3-sys008-utt280.wav,wav/vmc2026-track3-sys019-utt279.wav,4.723475291733798
sys008,utt122,wav/vmc2026-track3-sys008-utt122.wav,wav/vmc2026-track3-sys019-utt121.wav,4.605598307970247
sys017,utt044,wav/vmc2026-track3-sys017-utt044.wav,wav/vmc2026-track3-sys019-utt043.wav,3.9786213807315303
sys008,utt292,wav/vmc2026-track3-sys008-utt292.wav,wav/vmc2026-track3-sys019-utt291.wav,5.0
sys011,utt156,wav/vmc2026-track3-sys011-utt156.wav,wav/vmc2026-track3-sys019-utt155.wav,4.126827112347443
sys010,utt110,wav/vmc2026-track3-sys010-utt110.wav,wav/vmc2026-track3-sys019-utt109.wav,3.7705343416084114
sys018,utt020,wav/vmc2026-track3-sys018-utt020.wav,wav/vmc2026-track3-sys019-utt019.wav,3.3198874178709286
sys013,utt026,wav/vmc2026-track3-sys013-utt026.wav,wav/vmc2026-track3-sys019-utt025.wav,4.050578254368604
sys013,utt212,wav/vmc2026-track3-sys013-utt212.wav,wav/vmc2026-track3-sys019-utt211.wav,3.926572852582405
sys025,utt086,wav/vmc2026-track3-sys025-utt086.wav,wav/vmc2026-track3-sys019-utt085.wav,3.341668395558403
sys024,utt234,wav/vmc2026-track3-sys024-utt234.wav,wav/vmc2026-track3-sys019-utt233.wav,4.362948477782699
sys022,utt006,wav/vmc2026-track3-sys022-utt006.wav,wav/vmc2026-track3-sys019-utt005.wav,4.017438781834398
sys011,utt182,wav/vmc2026-track3-sys011-utt182.wav,wav/vmc2026-track3-sys019-utt181.wav,4.522879702231069
sys016,utt078,wav/vmc2026-track3-sys016-utt078.wav,wav/vmc2026-track3-sys019-utt077.wav,4.311183284932325
sys011,utt292,wav/vmc2026-track3-sys011-utt292.wav,wav/vmc2026-track3-sys019-utt291.wav,4.514109351160373
sys011,utt148,wav/vmc2026-track3-sys011-utt148.wav,wav/vmc2026-track3-sys019-utt147.wav,3.948725688663007
sys001,utt070,wav/vmc2026-track3-sys001-utt070.wav,wav/vmc2026-track3-sys019-utt069.wav,4.2642195624046
sys001,utt306,wav/vmc2026-track3-sys001-utt306.wav,wav/vmc2026-track3-sys019-utt305.wav,4.447695418720944
sys009,utt264,wav/vmc2026-track3-sys009-utt264.wav,wav/vmc2026-track3-sys019-utt263.wav,4.765657264670405
sys006,utt270,wav/vmc2026-track3-sys006-utt270.wav,wav/vmc2026-track3-sys019-utt269.wav,4.1909912569407375
sys022,utt226,wav/vmc2026-track3-sys022-utt226.wav,wav/vmc2026-track3-sys019-utt225.wav,3.9644613286491146
sys026,utt140,wav/vmc2026-track3-sys026-utt140.wav,wav/vmc2026-track3-sys019-utt139.wav,3.493681189481266
sys008,utt036,wav/vmc2026-track3-sys008-utt036.wav,wav/vmc2026-track3-sys019-utt035.wav,4.523403956074922
sys026,utt012,wav/vmc2026-track3-sys026-utt012.wav,wav/vmc2026-track3-sys019-utt011.wav,4.1327841752437795
sys026,utt150,wav/vmc2026-track3-sys026-utt150.wav,wav/vmc2026-track3-sys019-utt149.wav,4.013734824208487
sys026,utt074,wav/vmc2026-track3-sys026-utt074.wav,wav/vmc2026-track3-sys019-utt073.wav,4.111418699279056
sys009,utt236,wav/vmc2026-track3-sys009-utt236.wav,wav/vmc2026-track3-sys019-utt235.wav,4.7529325375868074
sys005,utt182,wav/vmc2026-track3-sys005-utt182.wav,wav/vmc2026-track3-sys019-utt181.wav,3.31203738275233
sys018,utt064,wav/vmc2026-track3-sys018-utt064.wav,wav/vmc2026-track3-sys019-utt063.wav,3.0353336410071465
sys022,utt050,wav/vmc2026-track3-sys022-utt050.wav,wav/vmc2026-track3-sys019-utt049.wav,4.367328547192586
sys011,utt202,wav/vmc2026-track3-sys011-utt202.wav,wav/vmc2026-track3-sys019-utt201.wav,4.415800517802285
sys025,utt050,wav/vmc2026-track3-sys025-utt050.wav,wav/vmc2026-track3-sys019-utt049.wav,3.530145558645043
sys022,utt274,wav/vmc2026-track3-sys022-utt274.wav,wav/vmc2026-track3-sys019-utt273.wav,4.414134829983017
sys012,utt030,wav/vmc2026-track3-sys012-utt030.wav,wav/vmc2026-track3-sys019-utt029.wav,3.8829698892676814
sys011,utt124,wav/vmc2026-track3-sys011-utt124.wav,wav/vmc2026-track3-sys019-utt123.wav,4.235775636080503
sys007,utt192,wav/vmc2026-track3-sys007-utt192.wav,wav/vmc2026-track3-sys019-utt191.wav,3.9618816791784637
sys023,utt184,wav/vmc2026-track3-sys023-utt184.wav,wav/vmc2026-track3-sys019-utt183.wav,4.2009284692255955
sys023,utt290,wav/vmc2026-track3-sys023-utt290.wav,wav/vmc2026-track3-sys019-utt289.wav,4.749748565544968
sys008,utt104,wav/vmc2026-track3-sys008-utt104.wav,wav/vmc2026-track3-sys019-utt103.wav,4.869496855489339
sys025,utt136,wav/vmc2026-track3-sys025-utt136.wav,wav/vmc2026-track3-sys019-utt135.wav,2.8616380002424586
sys013,utt172,wav/vmc2026-track3-sys013-utt172.wav,wav/vmc2026-track3-sys019-utt171.wav,3.927631421088129
sys024,utt124,wav/vmc2026-track3-sys024-utt124.wav,wav/vmc2026-track3-sys019-utt123.wav,3.8899382290004696
sys013,utt012,wav/vmc2026-track3-sys013-utt012.wav,wav/vmc2026-track3-sys019-utt011.wav,3.914568160449012
sys014,utt288,wav/vmc2026-track3-sys014-utt288.wav,wav/vmc2026-track3-sys019-utt287.wav,4.63126360088266
sys016,utt206,wav/vmc2026-track3-sys016-utt206.wav,wav/vmc2026-track3-sys019-utt205.wav,3.8783358793945935
sys024,utt246,wav/vmc2026-track3-sys024-utt246.wav,wav/vmc2026-track3-sys019-utt245.wav,4.607734742848604
sys017,utt082,wav/vmc2026-track3-sys017-utt082.wav,wav/vmc2026-track3-sys019-utt081.wav,3.8108460396874415
sys014,utt118,wav/vmc2026-track3-sys014-utt118.wav,wav/vmc2026-track3-sys019-utt117.wav,4.614688797804335
sys025,utt026,wav/vmc2026-track3-sys025-utt026.wav,wav/vmc2026-track3-sys019-utt025.wav,3.958686037204961
sys017,utt316,wav/vmc2026-track3-sys017-utt316.wav,wav/vmc2026-track3-sys019-utt315.wav,3.8120383113775813
sys020,utt310,wav/vmc2026-track3-sys020-utt310.wav,wav/vmc2026-track3-sys019-utt309.wav,3.1240530560821607
sys018,utt110,wav/vmc2026-track3-sys018-utt110.wav,wav/vmc2026-track3-sys019-utt109.wav,3.4016707205608996
sys014,utt028,wav/vmc2026-track3-sys014-utt028.wav,wav/vmc2026-track3-sys019-utt027.wav,4.5448631980457925
sys026,utt266,wav/vmc2026-track3-sys026-utt266.wav,wav/vmc2026-track3-sys019-utt265.wav,3.913549667375772
sys011,utt218,wav/vmc2026-track3-sys011-utt218.wav,wav/vmc2026-track3-sys019-utt217.wav,4.3892104555552205
sys002,utt212,wav/vmc2026-track3-sys002-utt212.wav,wav/vmc2026-track3-sys019-utt211.wav,4.86085501933438
sys025,utt122,wav/vmc2026-track3-sys025-utt122.wav,wav/vmc2026-track3-sys019-utt121.wav,3.6293896897998725
sys013,utt318,wav/vmc2026-track3-sys013-utt318.wav,wav/vmc2026-track3-sys019-utt317.wav,3.8417904522278805
sys005,utt198,wav/vmc2026-track3-sys005-utt198.wav,wav/vmc2026-track3-sys019-utt197.wav,3.299045199862233
sys009,utt280,wav/vmc2026-track3-sys009-utt280.wav,wav/vmc2026-track3-sys019-utt279.wav,5.0
sys016,utt304,wav/vmc2026-track3-sys016-utt304.wav,wav/vmc2026-track3-sys019-utt303.wav,3.5278570121043438
sys022,utt270,wav/vmc2026-track3-sys022-utt270.wav,wav/vmc2026-track3-sys019-utt269.wav,3.7605528400369055
sys016,utt040,wav/vmc2026-track3-sys016-utt040.wav,wav/vmc2026-track3-sys019-utt039.wav,3.7980994594709103
sys026,utt204,wav/vmc2026-track3-sys026-utt204.wav,wav/vmc2026-track3-sys019-utt203.wav,3.801710176487271
sys005,utt206,wav/vmc2026-track3-sys005-utt206.wav,wav/vmc2026-track3-sys019-utt205.wav,3.2716783425853344
sys012,utt278,wav/vmc2026-track3-sys012-utt278.wav,wav/vmc2026-track3-sys019-utt277.wav,4.050270741997759
sys007,utt008,wav/vmc2026-track3-sys007-utt008.wav,wav/vmc2026-track3-sys019-utt007.wav,4.1324771189076905
sys009,utt018,wav/vmc2026-track3-sys009-utt018.wav,wav/vmc2026-track3-sys019-utt017.wav,5.0
sys012,utt104,wav/vmc2026-track3-sys012-utt104.wav,wav/vmc2026-track3-sys019-utt103.wav,3.701436582034542
sys007,utt316,wav/vmc2026-track3-sys007-utt316.wav,wav/vmc2026-track3-sys019-utt315.wav,3.022077911109861
sys025,utt062,wav/vmc2026-track3-sys025-utt062.wav,wav/vmc2026-track3-sys019-utt061.wav,3.4199749769670755
sys022,utt200,wav/vmc2026-track3-sys022-utt200.wav,wav/vmc2026-track3-sys019-utt199.wav,4.391117171256038
sys001,utt238,wav/vmc2026-track3-sys001-utt238.wav,wav/vmc2026-track3-sys019-utt237.wav,3.9541929448528887
sys023,utt212,wav/vmc2026-track3-sys023-utt212.wav,wav/vmc2026-track3-sys019-utt211.wav,4.352843253787189
sys008,utt296,wav/vmc2026-track3-sys008-utt296.wav,wav/vmc2026-track3-sys019-utt295.wav,5.0
sys018,utt242,wav/vmc2026-track3-sys018-utt242.wav,wav/vmc2026-track3-sys019-utt241.wav,3.6064306892553466
sys017,utt144,wav/vmc2026-track3-sys017-utt144.wav,wav/vmc2026-track3-sys019-utt143.wav,3.43436487966867
sys017,utt288,wav/vmc2026-track3-sys017-utt288.wav,wav/vmc2026-track3-sys019-utt287.wav,4.430044818557098
sys017,utt076,wav/vmc2026-track3-sys017-utt076.wav,wav/vmc2026-track3-sys019-utt075.wav,4.243743333401691
sys007,utt006,wav/vmc2026-track3-sys007-utt006.wav,wav/vmc2026-track3-sys019-utt005.wav,3.8211398054757657
sys001,utt274,wav/vmc2026-track3-sys001-utt274.wav,wav/vmc2026-track3-sys019-utt273.wav,4.333902350317857
sys009,utt304,wav/vmc2026-track3-sys009-utt304.wav,wav/vmc2026-track3-sys019-utt303.wav,4.550732505913696
sys010,utt158,wav/vmc2026-track3-sys010-utt158.wav,wav/vmc2026-track3-sys019-utt157.wav,4.564739336774965
sys005,utt154,wav/vmc2026-track3-sys005-utt154.wav,wav/vmc2026-track3-sys019-utt153.wav,3.6835928743827973
sys022,utt178,wav/vmc2026-track3-sys022-utt178.wav,wav/vmc2026-track3-sys019-utt177.wav,3.9003367442733388
sys023,utt244,wav/vmc2026-track3-sys023-utt244.wav,wav/vmc2026-track3-sys019-utt243.wav,4.717243776137375
sys010,utt122,wav/vmc2026-track3-sys010-utt122.wav,wav/vmc2026-track3-sys019-utt121.wav,3.976075986950387
sys026,utt248,wav/vmc2026-track3-sys026-utt248.wav,wav/vmc2026-track3-sys019-utt247.wav,4.000788022461663
sys007,utt282,wav/vmc2026-track3-sys007-utt282.wav,wav/vmc2026-track3-sys019-utt281.wav,3.8024046116553425
sys008,utt244,wav/vmc2026-track3-sys008-utt244.wav,wav/vmc2026-track3-sys019-utt243.wav,4.92046399189152
sys001,utt284,wav/vmc2026-track3-sys001-utt284.wav,wav/vmc2026-track3-sys019-utt283.wav,3.8153512940377374
sys008,utt304,wav/vmc2026-track3-sys008-utt304.wav,wav/vmc2026-track3-sys019-utt303.wav,4.843623575167063
sys026,utt296,wav/vmc2026-track3-sys026-utt296.wav,wav/vmc2026-track3-sys019-utt295.wav,4.274355748361059
sys009,utt078,wav/vmc2026-track3-sys009-utt078.wav,wav/vmc2026-track3-sys019-utt077.wav,4.3541950539086685
sys009,utt288,wav/vmc2026-track3-sys009-utt288.wav,wav/vmc2026-track3-sys019-utt287.wav,4.753956885249608
sys006,utt302,wav/vmc2026-track3-sys006-utt302.wav,wav/vmc2026-track3-sys019-utt301.wav,4.723658586838821
sys006,utt246,wav/vmc2026-track3-sys006-utt246.wav,wav/vmc2026-track3-sys019-utt245.wav,4.660456253295952
sys023,utt140,wav/vmc2026-track3-sys023-utt140.wav,wav/vmc2026-track3-sys019-utt139.wav,4.505809575753595
sys025,utt178,wav/vmc2026-track3-sys025-utt178.wav,wav/vmc2026-track3-sys019-utt177.wav,3.8854240086872114
sys001,utt002,wav/vmc2026-track3-sys001-utt002.wav,wav/vmc2026-track3-sys019-utt001.wav,4.262547163503678
sys013,utt024,wav/vmc2026-track3-sys013-utt024.wav,wav/vmc2026-track3-sys019-utt023.wav,4.176041638208938
sys018,utt136,wav/vmc2026-track3-sys018-utt136.wav,wav/vmc2026-track3-sys019-utt135.wav,3.313706446209439
sys022,utt070,wav/vmc2026-track3-sys022-utt070.wav,wav/vmc2026-track3-sys019-utt069.wav,3.4558822651780776
sys024,utt238,wav/vmc2026-track3-sys024-utt238.wav,wav/vmc2026-track3-sys019-utt237.wav,3.5954254834333
sys013,utt032,wav/vmc2026-track3-sys013-utt032.wav,wav/vmc2026-track3-sys019-utt031.wav,4.1646686246425455
sys014,utt136,wav/vmc2026-track3-sys014-utt136.wav,wav/vmc2026-track3-sys019-utt135.wav,4.15011959251438
sys025,utt078,wav/vmc2026-track3-sys025-utt078.wav,wav/vmc2026-track3-sys019-utt077.wav,4.042098015400988
sys013,utt192,wav/vmc2026-track3-sys013-utt192.wav,wav/vmc2026-track3-sys019-utt191.wav,4.606352425665429
sys012,utt124,wav/vmc2026-track3-sys012-utt124.wav,wav/vmc2026-track3-sys019-utt123.wav,3.640140638825346
sys020,utt194,wav/vmc2026-track3-sys020-utt194.wav,wav/vmc2026-track3-sys019-utt193.wav,3.3244336016520264
sys011,utt024,wav/vmc2026-track3-sys011-utt024.wav,wav/vmc2026-track3-sys019-utt023.wav,4.357208924975293
sys014,utt244,wav/vmc2026-track3-sys014-utt244.wav,wav/vmc2026-track3-sys019-utt243.wav,4.626311047067804
sys011,utt126,wav/vmc2026-track3-sys011-utt126.wav,wav/vmc2026-track3-sys019-utt125.wav,4.550152983148396
sys009,utt136,wav/vmc2026-track3-sys009-utt136.wav,wav/vmc2026-track3-sys019-utt135.wav,4.686364733678637
sys014,utt226,wav/vmc2026-track3-sys014-utt226.wav,wav/vmc2026-track3-sys019-utt225.wav,4.53396597077313
sys024,utt154,wav/vmc2026-track3-sys024-utt154.wav,wav/vmc2026-track3-sys019-utt153.wav,4.2874833097045535
sys005,utt208,wav/vmc2026-track3-sys005-utt208.wav,wav/vmc2026-track3-sys019-utt207.wav,3.3169085936678084
sys008,utt076,wav/vmc2026-track3-sys008-utt076.wav,wav/vmc2026-track3-sys019-utt075.wav,4.565008350033853
sys025,utt220,wav/vmc2026-track3-sys025-utt220.wav,wav/vmc2026-track3-sys019-utt219.wav,3.694353347104859
sys002,utt302,wav/vmc2026-track3-sys002-utt302.wav,wav/vmc2026-track3-sys019-utt301.wav,4.4203100482305295
sys022,utt292,wav/vmc2026-track3-sys022-utt292.wav,wav/vmc2026-track3-sys019-utt291.wav,4.128648756554175
sys016,utt046,wav/vmc2026-track3-sys016-utt046.wav,wav/vmc2026-track3-sys019-utt045.wav,3.3051271083033105
sys014,utt320,wav/vmc2026-track3-sys014-utt320.wav,wav/vmc2026-track3-sys019-utt319.wav,4.364347459826191
sys008,utt106,wav/vmc2026-track3-sys008-utt106.wav,wav/vmc2026-track3-sys019-utt105.wav,4.986260922897464
sys023,utt276,wav/vmc2026-track3-sys023-utt276.wav,wav/vmc2026-track3-sys019-utt275.wav,4.104698907599364
sys026,utt136,wav/vmc2026-track3-sys026-utt136.wav,wav/vmc2026-track3-sys019-utt135.wav,3.7635278324986277
sys017,utt246,wav/vmc2026-track3-sys017-utt246.wav,wav/vmc2026-track3-sys019-utt245.wav,4.395636629821546
sys016,utt120,wav/vmc2026-track3-sys016-utt120.wav,wav/vmc2026-track3-sys019-utt119.wav,3.1133850998934807
sys002,utt156,wav/vmc2026-track3-sys002-utt156.wav,wav/vmc2026-track3-sys019-utt155.wav,4.513221422582905
sys002,utt134,wav/vmc2026-track3-sys002-utt134.wav,wav/vmc2026-track3-sys019-utt133.wav,4.0136953858790205
sys026,utt274,wav/vmc2026-track3-sys026-utt274.wav,wav/vmc2026-track3-sys019-utt273.wav,4.218411648828757
sys024,utt042,wav/vmc2026-track3-sys024-utt042.wav,wav/vmc2026-track3-sys019-utt041.wav,4.427871093073315
sys007,utt108,wav/vmc2026-track3-sys007-utt108.wav,wav/vmc2026-track3-sys019-utt107.wav,3.7914187627370337
sys007,utt088,wav/vmc2026-track3-sys007-utt088.wav,wav/vmc2026-track3-sys019-utt087.wav,3.6235505939185417
sys007,utt292,wav/vmc2026-track3-sys007-utt292.wav,wav/vmc2026-track3-sys019-utt291.wav,3.383938771695548
sys007,utt020,wav/vmc2026-track3-sys007-utt020.wav,wav/vmc2026-track3-sys019-utt019.wav,4.611349814483154
sys023,utt012,wav/vmc2026-track3-sys023-utt012.wav,wav/vmc2026-track3-sys019-utt011.wav,4.846598633674601
sys009,utt076,wav/vmc2026-track3-sys009-utt076.wav,wav/vmc2026-track3-sys019-utt075.wav,4.482306731428306
sys001,utt230,wav/vmc2026-track3-sys001-utt230.wav,wav/vmc2026-track3-sys019-utt229.wav,4.266766368243772
sys018,utt150,wav/vmc2026-track3-sys018-utt150.wav,wav/vmc2026-track3-sys019-utt149.wav,3.724618612300009
sys020,utt316,wav/vmc2026-track3-sys020-utt316.wav,wav/vmc2026-track3-sys019-utt315.wav,2.9437511592958643
sys002,utt216,wav/vmc2026-track3-sys002-utt216.wav,wav/vmc2026-track3-sys019-utt215.wav,4.602691077464039
sys012,utt006,wav/vmc2026-track3-sys012-utt006.wav,wav/vmc2026-track3-sys019-utt005.wav,4.063913983424339
sys007,utt036,wav/vmc2026-track3-sys007-utt036.wav,wav/vmc2026-track3-sys019-utt035.wav,3.872113703703021
sys001,utt278,wav/vmc2026-track3-sys001-utt278.wav,wav/vmc2026-track3-sys019-utt277.wav,3.9756933597127606
sys011,utt114,wav/vmc2026-track3-sys011-utt114.wav,wav/vmc2026-track3-sys019-utt113.wav,4.145030038933991
sys013,utt320,wav/vmc2026-track3-sys013-utt320.wav,wav/vmc2026-track3-sys019-utt319.wav,3.388566360400475
sys005,utt318,wav/vmc2026-track3-sys005-utt318.wav,wav/vmc2026-track3-sys019-utt317.wav,3.1658830547863595
sys020,utt126,wav/vmc2026-track3-sys020-utt126.wav,wav/vmc2026-track3-sys019-utt125.wav,3.6051136296778648
sys005,utt086,wav/vmc2026-track3-sys005-utt086.wav,wav/vmc2026-track3-sys019-utt085.wav,3.1684664526003123
sys006,utt262,wav/vmc2026-track3-sys006-utt262.wav,wav/vmc2026-track3-sys019-utt261.wav,4.436664941525586
sys010,utt284,wav/vmc2026-track3-sys010-utt284.wav,wav/vmc2026-track3-sys019-utt283.wav,4.1655223363706435
sys016,utt128,wav/vmc2026-track3-sys016-utt128.wav,wav/vmc2026-track3-sys019-utt127.wav,3.635445602523356
sys025,utt102,wav/vmc2026-track3-sys025-utt102.wav,wav/vmc2026-track3-sys019-utt101.wav,3.6169350897899264
sys025,utt116,wav/vmc2026-track3-sys025-utt116.wav,wav/vmc2026-track3-sys019-utt115.wav,3.3493239998290045
sys010,utt132,wav/vmc2026-track3-sys010-utt132.wav,wav/vmc2026-track3-sys019-utt131.wav,3.2566099315090797
sys017,utt048,wav/vmc2026-track3-sys017-utt048.wav,wav/vmc2026-track3-sys019-utt047.wav,4.780096911506134
sys009,utt144,wav/vmc2026-track3-sys009-utt144.wav,wav/vmc2026-track3-sys019-utt143.wav,4.216548916300957
sys009,utt308,wav/vmc2026-track3-sys009-utt308.wav,wav/vmc2026-track3-sys019-utt307.wav,4.628088629405961
sys007,utt180,wav/vmc2026-track3-sys007-utt180.wav,wav/vmc2026-track3-sys019-utt179.wav,3.31268877044608
sys007,utt250,wav/vmc2026-track3-sys007-utt250.wav,wav/vmc2026-track3-sys019-utt249.wav,4.0134787551795394
sys006,utt210,wav/vmc2026-track3-sys006-utt210.wav,wav/vmc2026-track3-sys019-utt209.wav,3.968552082999053
sys024,utt076,wav/vmc2026-track3-sys024-utt076.wav,wav/vmc2026-track3-sys019-utt075.wav,3.2419495927699873
sys009,utt002,wav/vmc2026-track3-sys009-utt002.wav,wav/vmc2026-track3-sys019-utt001.wav,4.517226549432239
sys025,utt318,wav/vmc2026-track3-sys025-utt318.wav,wav/vmc2026-track3-sys019-utt317.wav,3.8982824190195537
sys012,utt296,wav/vmc2026-track3-sys012-utt296.wav,wav/vmc2026-track3-sys019-utt295.wav,5.0
sys026,utt066,wav/vmc2026-track3-sys026-utt066.wav,wav/vmc2026-track3-sys019-utt065.wav,4.31974207946312
sys016,utt112,wav/vmc2026-track3-sys016-utt112.wav,wav/vmc2026-track3-sys019-utt111.wav,3.509435856015455
sys012,utt068,wav/vmc2026-track3-sys012-utt068.wav,wav/vmc2026-track3-sys019-utt067.wav,4.507608521468262
sys013,utt072,wav/vmc2026-track3-sys013-utt072.wav,wav/vmc2026-track3-sys019-utt071.wav,4.371143322616454
sys013,utt064,wav/vmc2026-track3-sys013-utt064.wav,wav/vmc2026-track3-sys019-utt063.wav,4.22542647101974
sys026,utt130,wav/vmc2026-track3-sys026-utt130.wav,wav/vmc2026-track3-sys019-utt129.wav,4.513827032082715
sys022,utt248,wav/vmc2026-track3-sys022-utt248.wav,wav/vmc2026-track3-sys019-utt247.wav,4.100531293579627
sys023,utt318,wav/vmc2026-track3-sys023-utt318.wav,wav/vmc2026-track3-sys019-utt317.wav,4.5786147628433564
sys024,utt192,wav/vmc2026-track3-sys024-utt192.wav,wav/vmc2026-track3-sys019-utt191.wav,4.391076915691633
sys008,utt028,wav/vmc2026-track3-sys008-utt028.wav,wav/vmc2026-track3-sys019-utt027.wav,4.3045840278995335
sys024,utt156,wav/vmc2026-track3-sys024-utt156.wav,wav/vmc2026-track3-sys019-utt155.wav,4.520592649076037
sys020,utt090,wav/vmc2026-track3-sys020-utt090.wav,wav/vmc2026-track3-sys019-utt089.wav,2.892133325679713
sys011,utt242,wav/vmc2026-track3-sys011-utt242.wav,wav/vmc2026-track3-sys019-utt241.wav,4.391839462923331
sys013,utt142,wav/vmc2026-track3-sys013-utt142.wav,wav/vmc2026-track3-sys019-utt141.wav,4.239724251500693
sys001,utt184,wav/vmc2026-track3-sys001-utt184.wav,wav/vmc2026-track3-sys019-utt183.wav,3.699210946806899
sys012,utt284,wav/vmc2026-track3-sys012-utt284.wav,wav/vmc2026-track3-sys019-utt283.wav,4.22338697934937
sys007,utt320,wav/vmc2026-track3-sys007-utt320.wav,wav/vmc2026-track3-sys019-utt319.wav,3.932983439617157
sys016,utt312,wav/vmc2026-track3-sys016-utt312.wav,wav/vmc2026-track3-sys019-utt311.wav,3.090630194746774
sys024,utt186,wav/vmc2026-track3-sys024-utt186.wav,wav/vmc2026-track3-sys019-utt185.wav,4.017720956455968
sys012,utt212,wav/vmc2026-track3-sys012-utt212.wav,wav/vmc2026-track3-sys019-utt211.wav,3.564110498804873
sys005,utt180,wav/vmc2026-track3-sys005-utt180.wav,wav/vmc2026-track3-sys019-utt179.wav,3.0696564762782454
sys007,utt004,wav/vmc2026-track3-sys007-utt004.wav,wav/vmc2026-track3-sys019-utt003.wav,3.8073497106600716
sys023,utt300,wav/vmc2026-track3-sys023-utt300.wav,wav/vmc2026-track3-sys019-utt299.wav,4.534237099657307
sys024,utt030,wav/vmc2026-track3-sys024-utt030.wav,wav/vmc2026-track3-sys019-utt029.wav,4.03416005825429
sys010,utt028,wav/vmc2026-track3-sys010-utt028.wav,wav/vmc2026-track3-sys019-utt027.wav,4.3333672116334405
sys007,utt294,wav/vmc2026-track3-sys007-utt294.wav,wav/vmc2026-track3-sys019-utt293.wav,4.061214797453202
sys020,utt140,wav/vmc2026-track3-sys020-utt140.wav,wav/vmc2026-track3-sys019-utt139.wav,3.3195950885812575
sys022,utt048,wav/vmc2026-track3-sys022-utt048.wav,wav/vmc2026-track3-sys019-utt047.wav,4.234917432259379
sys025,utt290,wav/vmc2026-track3-sys025-utt290.wav,wav/vmc2026-track3-sys019-utt289.wav,3.827049883108349
sys022,utt216,wav/vmc2026-track3-sys022-utt216.wav,wav/vmc2026-track3-sys019-utt215.wav,4.186702119380759
sys012,utt158,wav/vmc2026-track3-sys012-utt158.wav,wav/vmc2026-track3-sys019-utt157.wav,3.9206130358414555
sys006,utt296,wav/vmc2026-track3-sys006-utt296.wav,wav/vmc2026-track3-sys019-utt295.wav,4.0949461181990765
sys002,utt002,wav/vmc2026-track3-sys002-utt002.wav,wav/vmc2026-track3-sys019-utt001.wav,4.45961372743793
sys014,utt138,wav/vmc2026-track3-sys014-utt138.wav,wav/vmc2026-track3-sys019-utt137.wav,4.081849418284326
sys026,utt072,wav/vmc2026-track3-sys026-utt072.wav,wav/vmc2026-track3-sys019-utt071.wav,4.209470820298995
sys017,utt102,wav/vmc2026-track3-sys017-utt102.wav,wav/vmc2026-track3-sys019-utt101.wav,3.78825240766861
sys018,utt128,wav/vmc2026-track3-sys018-utt128.wav,wav/vmc2026-track3-sys019-utt127.wav,3.338228844859051
sys009,utt140,wav/vmc2026-track3-sys009-utt140.wav,wav/vmc2026-track3-sys019-utt139.wav,4.1327642218059
sys018,utt248,wav/vmc2026-track3-sys018-utt248.wav,wav/vmc2026-track3-sys019-utt247.wav,4.1237848214919595
sys020,utt226,wav/vmc2026-track3-sys020-utt226.wav,wav/vmc2026-track3-sys019-utt225.wav,3.685338413093106
sys001,utt118,wav/vmc2026-track3-sys001-utt118.wav,wav/vmc2026-track3-sys019-utt117.wav,3.948857175422079
sys026,utt018,wav/vmc2026-track3-sys026-utt018.wav,wav/vmc2026-track3-sys019-utt017.wav,4.426378594121184
sys018,utt076,wav/vmc2026-track3-sys018-utt076.wav,wav/vmc2026-track3-sys019-utt075.wav,3.774382378655215
sys002,utt226,wav/vmc2026-track3-sys002-utt226.wav,wav/vmc2026-track3-sys019-utt225.wav,5.0
sys020,utt138,wav/vmc2026-track3-sys020-utt138.wav,wav/vmc2026-track3-sys019-utt137.wav,3.175815639691589
sys006,utt266,wav/vmc2026-track3-sys006-utt266.wav,wav/vmc2026-track3-sys019-utt265.wav,4.2347520199610775
sys020,utt242,wav/vmc2026-track3-sys020-utt242.wav,wav/vmc2026-track3-sys019-utt241.wav,3.615793667326291
sys026,utt034,wav/vmc2026-track3-sys026-utt034.wav,wav/vmc2026-track3-sys019-utt033.wav,3.6003802087000984
sys010,utt062,wav/vmc2026-track3-sys010-utt062.wav,wav/vmc2026-track3-sys019-utt061.wav,3.8999040577897923
sys010,utt042,wav/vmc2026-track3-sys010-utt042.wav,wav/vmc2026-track3-sys019-utt041.wav,4.373795241962989
sys016,utt022,wav/vmc2026-track3-sys016-utt022.wav,wav/vmc2026-track3-sys019-utt021.wav,3.696330289361152
sys011,utt246,wav/vmc2026-track3-sys011-utt246.wav,wav/vmc2026-track3-sys019-utt245.wav,4.187305751574022
sys018,utt086,wav/vmc2026-track3-sys018-utt086.wav,wav/vmc2026-track3-sys019-utt085.wav,3.464620535497819
sys010,utt026,wav/vmc2026-track3-sys010-utt026.wav,wav/vmc2026-track3-sys019-utt025.wav,3.92223690506503
sys002,utt124,wav/vmc2026-track3-sys002-utt124.wav,wav/vmc2026-track3-sys019-utt123.wav,4.595326600573228
sys008,utt026,wav/vmc2026-track3-sys008-utt026.wav,wav/vmc2026-track3-sys019-utt025.wav,4.735915552722776
sys026,utt156,wav/vmc2026-track3-sys026-utt156.wav,wav/vmc2026-track3-sys019-utt155.wav,4.17434187748532
sys026,utt214,wav/vmc2026-track3-sys026-utt214.wav,wav/vmc2026-track3-sys019-utt213.wav,4.213630183897996
sys024,utt028,wav/vmc2026-track3-sys024-utt028.wav,wav/vmc2026-track3-sys019-utt027.wav,4.304139245766414
sys002,utt236,wav/vmc2026-track3-sys002-utt236.wav,wav/vmc2026-track3-sys019-utt235.wav,4.665885008472857
sys008,utt156,wav/vmc2026-track3-sys008-utt156.wav,wav/vmc2026-track3-sys019-utt155.wav,4.695834606183342
sys024,utt150,wav/vmc2026-track3-sys024-utt150.wav,wav/vmc2026-track3-sys019-utt149.wav,4.136591123287788
sys011,utt066,wav/vmc2026-track3-sys011-utt066.wav,wav/vmc2026-track3-sys019-utt065.wav,4.43437478896183
sys022,utt010,wav/vmc2026-track3-sys022-utt010.wav,wav/vmc2026-track3-sys019-utt009.wav,3.406292031916855
sys007,utt072,wav/vmc2026-track3-sys007-utt072.wav,wav/vmc2026-track3-sys019-utt071.wav,4.189316210638553
sys011,utt030,wav/vmc2026-track3-sys011-utt030.wav,wav/vmc2026-track3-sys019-utt029.wav,4.496920307744502
sys025,utt172,wav/vmc2026-track3-sys025-utt172.wav,wav/vmc2026-track3-sys019-utt171.wav,3.7508897763515674
sys009,utt312,wav/vmc2026-track3-sys009-utt312.wav,wav/vmc2026-track3-sys019-utt311.wav,4.697781112129105
sys011,utt238,wav/vmc2026-track3-sys011-utt238.wav,wav/vmc2026-track3-sys019-utt237.wav,4.547217402751979
sys016,utt236,wav/vmc2026-track3-sys016-utt236.wav,wav/vmc2026-track3-sys019-utt235.wav,3.4590646815620874
sys005,utt014,wav/vmc2026-track3-sys005-utt014.wav,wav/vmc2026-track3-sys019-utt013.wav,3.947724093643699
sys002,utt072,wav/vmc2026-track3-sys002-utt072.wav,wav/vmc2026-track3-sys019-utt071.wav,4.9528252239993416
sys011,utt318,wav/vmc2026-track3-sys011-utt318.wav,wav/vmc2026-track3-sys019-utt317.wav,5.0
sys005,utt248,wav/vmc2026-track3-sys005-utt248.wav,wav/vmc2026-track3-sys019-utt247.wav,3.8300266350725996
sys008,utt118,wav/vmc2026-track3-sys008-utt118.wav,wav/vmc2026-track3-sys019-utt117.wav,4.658261275681153
sys014,utt068,wav/vmc2026-track3-sys014-utt068.wav,wav/vmc2026-track3-sys019-utt067.wav,4.271985676874873
sys001,utt124,wav/vmc2026-track3-sys001-utt124.wav,wav/vmc2026-track3-sys019-utt123.wav,4.167954087123107
sys008,utt040,wav/vmc2026-track3-sys008-utt040.wav,wav/vmc2026-track3-sys019-utt039.wav,4.527182702178627
sys012,utt180,wav/vmc2026-track3-sys012-utt180.wav,wav/vmc2026-track3-sys019-utt179.wav,3.6213036093408077
sys023,utt118,wav/vmc2026-track3-sys023-utt118.wav,wav/vmc2026-track3-sys019-utt117.wav,4.334865889556115
sys002,utt010,wav/vmc2026-track3-sys002-utt010.wav,wav/vmc2026-track3-sys019-utt009.wav,4.357921392432482
sys012,utt044,wav/vmc2026-track3-sys012-utt044.wav,wav/vmc2026-track3-sys019-utt043.wav,3.631250019389409
sys014,utt152,wav/vmc2026-track3-sys014-utt152.wav,wav/vmc2026-track3-sys019-utt151.wav,4.55568669209472
sys025,utt194,wav/vmc2026-track3-sys025-utt194.wav,wav/vmc2026-track3-sys019-utt193.wav,3.5278259627382313
sys020,utt130,wav/vmc2026-track3-sys020-utt130.wav,wav/vmc2026-track3-sys019-utt129.wav,3.4204427762905585
sys014,utt012,wav/vmc2026-track3-sys014-utt012.wav,wav/vmc2026-track3-sys019-utt011.wav,4.32385176555681
sys016,utt294,wav/vmc2026-track3-sys016-utt294.wav,wav/vmc2026-track3-sys019-utt293.wav,4.315447053112779
sys020,utt308,wav/vmc2026-track3-sys020-utt308.wav,wav/vmc2026-track3-sys019-utt307.wav,3.1188088614029317
sys023,utt158,wav/vmc2026-track3-sys023-utt158.wav,wav/vmc2026-track3-sys019-utt157.wav,4.866844904581573
sys007,utt262,wav/vmc2026-track3-sys007-utt262.wav,wav/vmc2026-track3-sys019-utt261.wav,3.9012792346913607
sys006,utt290,wav/vmc2026-track3-sys006-utt290.wav,wav/vmc2026-track3-sys019-utt289.wav,4.128788763044837
sys011,utt108,wav/vmc2026-track3-sys011-utt108.wav,wav/vmc2026-track3-sys019-utt107.wav,3.5532086252888218
sys007,utt034,wav/vmc2026-track3-sys007-utt034.wav,wav/vmc2026-track3-sys019-utt033.wav,3.626993447236898
sys013,utt144,wav/vmc2026-track3-sys013-utt144.wav,wav/vmc2026-track3-sys019-utt143.wav,3.308352508398499
sys020,utt304,wav/vmc2026-track3-sys020-utt304.wav,wav/vmc2026-track3-sys019-utt303.wav,3.7014515646243633
sys002,utt120,wav/vmc2026-track3-sys002-utt120.wav,wav/vmc2026-track3-sys019-utt119.wav,4.44716255030293
sys008,utt274,wav/vmc2026-track3-sys008-utt274.wav,wav/vmc2026-track3-sys019-utt273.wav,4.91874933610981
sys001,utt246,wav/vmc2026-track3-sys001-utt246.wav,wav/vmc2026-track3-sys019-utt245.wav,4.284652798051409
sys006,utt064,wav/vmc2026-track3-sys006-utt064.wav,wav/vmc2026-track3-sys019-utt063.wav,4.226164579851939
sys008,utt206,wav/vmc2026-track3-sys008-utt206.wav,wav/vmc2026-track3-sys019-utt205.wav,4.750718829585694
sys008,utt262,wav/vmc2026-track3-sys008-utt262.wav,wav/vmc2026-track3-sys019-utt261.wav,4.452381704052867
sys023,utt186,wav/vmc2026-track3-sys023-utt186.wav,wav/vmc2026-track3-sys019-utt185.wav,4.092327425459676
sys026,utt132,wav/vmc2026-track3-sys026-utt132.wav,wav/vmc2026-track3-sys019-utt131.wav,3.581108442292402
sys012,utt236,wav/vmc2026-track3-sys012-utt236.wav,wav/vmc2026-track3-sys019-utt235.wav,3.694366105340598
sys002,utt308,wav/vmc2026-track3-sys002-utt308.wav,wav/vmc2026-track3-sys019-utt307.wav,4.387835529106958
sys002,utt320,wav/vmc2026-track3-sys002-utt320.wav,wav/vmc2026-track3-sys019-utt319.wav,5.0
sys002,utt140,wav/vmc2026-track3-sys002-utt140.wav,wav/vmc2026-track3-sys019-utt139.wav,4.122382787201822
sys025,utt262,wav/vmc2026-track3-sys025-utt262.wav,wav/vmc2026-track3-sys019-utt261.wav,3.581403360356775
sys002,utt078,wav/vmc2026-track3-sys002-utt078.wav,wav/vmc2026-track3-sys019-utt077.wav,4.58000480249842
sys012,utt034,wav/vmc2026-track3-sys012-utt034.wav,wav/vmc2026-track3-sys019-utt033.wav,3.9778124976739844
sys001,utt090,wav/vmc2026-track3-sys001-utt090.wav,wav/vmc2026-track3-sys019-utt089.wav,3.879790679580236
sys016,utt082,wav/vmc2026-track3-sys016-utt082.wav,wav/vmc2026-track3-sys019-utt081.wav,4.1633215905170715
sys011,utt072,wav/vmc2026-track3-sys011-utt072.wav,wav/vmc2026-track3-sys019-utt071.wav,4.204429385560857
sys009,utt284,wav/vmc2026-track3-sys009-utt284.wav,wav/vmc2026-track3-sys019-utt283.wav,4.667326184500633
sys016,utt116,wav/vmc2026-track3-sys016-utt116.wav,wav/vmc2026-track3-sys019-utt115.wav,3.4361446642099924
sys008,utt152,wav/vmc2026-track3-sys008-utt152.wav,wav/vmc2026-track3-sys019-utt151.wav,4.655893199538209
sys022,utt236,wav/vmc2026-track3-sys022-utt236.wav,wav/vmc2026-track3-sys019-utt235.wav,3.9922669781515228
sys005,utt032,wav/vmc2026-track3-sys005-utt032.wav,wav/vmc2026-track3-sys019-utt031.wav,3.0374574979790636
sys012,utt218,wav/vmc2026-track3-sys012-utt218.wav,wav/vmc2026-track3-sys019-utt217.wav,4.066986544953521
sys020,utt224,wav/vmc2026-track3-sys020-utt224.wav,wav/vmc2026-track3-sys019-utt223.wav,3.146469920532313
sys020,utt314,wav/vmc2026-track3-sys020-utt314.wav,wav/vmc2026-track3-sys019-utt313.wav,2.8597355615438262
sys005,utt262,wav/vmc2026-track3-sys005-utt262.wav,wav/vmc2026-track3-sys019-utt261.wav,3.677489727038131
sys023,utt120,wav/vmc2026-track3-sys023-utt120.wav,wav/vmc2026-track3-sys019-utt119.wav,4.381387687290182
sys012,utt222,wav/vmc2026-track3-sys012-utt222.wav,wav/vmc2026-track3-sys019-utt221.wav,4.242510575694924
sys011,utt290,wav/vmc2026-track3-sys011-utt290.wav,wav/vmc2026-track3-sys019-utt289.wav,4.162204973043665
sys017,utt050,wav/vmc2026-track3-sys017-utt050.wav,wav/vmc2026-track3-sys019-utt049.wav,4.712923924448824
sys020,utt306,wav/vmc2026-track3-sys020-utt306.wav,wav/vmc2026-track3-sys019-utt305.wav,3.5397391222606225
sys012,utt266,wav/vmc2026-track3-sys012-utt266.wav,wav/vmc2026-track3-sys019-utt265.wav,3.6078503009223954
sys020,utt044,wav/vmc2026-track3-sys020-utt044.wav,wav/vmc2026-track3-sys019-utt043.wav,3.042026950945181
sys020,utt144,wav/vmc2026-track3-sys020-utt144.wav,wav/vmc2026-track3-sys019-utt143.wav,3.172020773767903
sys008,utt064,wav/vmc2026-track3-sys008-utt064.wav,wav/vmc2026-track3-sys019-utt063.wav,4.7552867236152565
sys006,utt230,wav/vmc2026-track3-sys006-utt230.wav,wav/vmc2026-track3-sys019-utt229.wav,4.569376107784253
sys008,utt312,wav/vmc2026-track3-sys008-utt312.wav,wav/vmc2026-track3-sys019-utt311.wav,4.70454275200096
sys022,utt290,wav/vmc2026-track3-sys022-utt290.wav,wav/vmc2026-track3-sys019-utt289.wav,3.113326203412949
sys011,utt018,wav/vmc2026-track3-sys011-utt018.wav,wav/vmc2026-track3-sys019-utt017.wav,4.803680791335251
sys012,utt226,wav/vmc2026-track3-sys012-utt226.wav,wav/vmc2026-track3-sys019-utt225.wav,4.076775142248623
sys006,utt104,wav/vmc2026-track3-sys006-utt104.wav,wav/vmc2026-track3-sys019-utt103.wav,4.660519498108753
sys002,utt104,wav/vmc2026-track3-sys002-utt104.wav,wav/vmc2026-track3-sys019-utt103.wav,4.768085224733402
sys020,utt320,wav/vmc2026-track3-sys020-utt320.wav,wav/vmc2026-track3-sys019-utt319.wav,3.1523998335109145
sys013,utt088,wav/vmc2026-track3-sys013-utt088.wav,wav/vmc2026-track3-sys019-utt087.wav,3.0926336120091427
sys017,utt192,wav/vmc2026-track3-sys017-utt192.wav,wav/vmc2026-track3-sys019-utt191.wav,4.52592633571165
sys013,utt210,wav/vmc2026-track3-sys013-utt210.wav,wav/vmc2026-track3-sys019-utt209.wav,3.5966631547626187
sys025,utt020,wav/vmc2026-track3-sys025-utt020.wav,wav/vmc2026-track3-sys019-utt019.wav,3.340292822066753
sys001,utt264,wav/vmc2026-track3-sys001-utt264.wav,wav/vmc2026-track3-sys019-utt263.wav,3.5939917700983877
sys013,utt308,wav/vmc2026-track3-sys013-utt308.wav,wav/vmc2026-track3-sys019-utt307.wav,4.020481706850372
sys006,utt090,wav/vmc2026-track3-sys006-utt090.wav,wav/vmc2026-track3-sys019-utt089.wav,4.0202442707357795
sys012,utt136,wav/vmc2026-track3-sys012-utt136.wav,wav/vmc2026-track3-sys019-utt135.wav,3.0806349935106905
sys009,utt186,wav/vmc2026-track3-sys009-utt186.wav,wav/vmc2026-track3-sys019-utt185.wav,4.591933198399889
sys005,utt136,wav/vmc2026-track3-sys005-utt136.wav,wav/vmc2026-track3-sys019-utt135.wav,3.651380368802037
sys011,utt300,wav/vmc2026-track3-sys011-utt300.wav,wav/vmc2026-track3-sys019-utt299.wav,4.157235997854032
sys009,utt298,wav/vmc2026-track3-sys009-utt298.wav,wav/vmc2026-track3-sys019-utt297.wav,5.0
sys016,utt102,wav/vmc2026-track3-sys016-utt102.wav,wav/vmc2026-track3-sys019-utt101.wav,3.4802894136708744
sys024,utt132,wav/vmc2026-track3-sys024-utt132.wav,wav/vmc2026-track3-sys019-utt131.wav,3.323557437910201
sys017,utt262,wav/vmc2026-track3-sys017-utt262.wav,wav/vmc2026-track3-sys019-utt261.wav,4.311035908366914
sys024,utt130,wav/vmc2026-track3-sys024-utt130.wav,wav/vmc2026-track3-sys019-utt129.wav,4.424085530263868
sys009,utt204,wav/vmc2026-track3-sys009-utt204.wav,wav/vmc2026-track3-sys019-utt203.wav,4.345773383990856
sys010,utt020,wav/vmc2026-track3-sys010-utt020.wav,wav/vmc2026-track3-sys019-utt019.wav,4.320224461243235
sys007,utt032,wav/vmc2026-track3-sys007-utt032.wav,wav/vmc2026-track3-sys019-utt031.wav,3.7565737018205123
sys014,utt090,wav/vmc2026-track3-sys014-utt090.wav,wav/vmc2026-track3-sys019-utt089.wav,4.037401597072799
sys006,utt222,wav/vmc2026-track3-sys006-utt222.wav,wav/vmc2026-track3-sys019-utt221.wav,4.442442046625154
sys006,utt050,wav/vmc2026-track3-sys006-utt050.wav,wav/vmc2026-track3-sys019-utt049.wav,4.562691208550007
sys020,utt280,wav/vmc2026-track3-sys020-utt280.wav,wav/vmc2026-track3-sys019-utt279.wav,3.3121321504843526
sys018,utt220,wav/vmc2026-track3-sys018-utt220.wav,wav/vmc2026-track3-sys019-utt219.wav,3.8608943983107222
sys006,utt146,wav/vmc2026-track3-sys006-utt146.wav,wav/vmc2026-track3-sys019-utt145.wav,3.9224715564946733
sys022,utt312,wav/vmc2026-track3-sys022-utt312.wav,wav/vmc2026-track3-sys019-utt311.wav,3.7864471959420136
sys024,utt310,wav/vmc2026-track3-sys024-utt310.wav,wav/vmc2026-track3-sys019-utt309.wav,3.962027659323074
sys023,utt226,wav/vmc2026-track3-sys023-utt226.wav,wav/vmc2026-track3-sys019-utt225.wav,5.0
sys010,utt242,wav/vmc2026-track3-sys010-utt242.wav,wav/vmc2026-track3-sys019-utt241.wav,4.028395722737351
sys007,utt276,wav/vmc2026-track3-sys007-utt276.wav,wav/vmc2026-track3-sys019-utt275.wav,3.7253241681335036
sys002,utt044,wav/vmc2026-track3-sys002-utt044.wav,wav/vmc2026-track3-sys019-utt043.wav,4.622758336134025
sys018,utt286,wav/vmc2026-track3-sys018-utt286.wav,wav/vmc2026-track3-sys019-utt285.wav,3.842061269237395
sys025,utt080,wav/vmc2026-track3-sys025-utt080.wav,wav/vmc2026-track3-sys019-utt079.wav,3.9534240350002703
sys016,utt032,wav/vmc2026-track3-sys016-utt032.wav,wav/vmc2026-track3-sys019-utt031.wav,3.925604000590055
sys025,utt034,wav/vmc2026-track3-sys025-utt034.wav,wav/vmc2026-track3-sys019-utt033.wav,3.908577327315068
sys010,utt262,wav/vmc2026-track3-sys010-utt262.wav,wav/vmc2026-track3-sys019-utt261.wav,3.8345092548233444
sys010,utt176,wav/vmc2026-track3-sys010-utt176.wav,wav/vmc2026-track3-sys019-utt175.wav,3.8598519488141423
sys013,utt078,wav/vmc2026-track3-sys013-utt078.wav,wav/vmc2026-track3-sys019-utt077.wav,4.2770115913484785
sys026,utt302,wav/vmc2026-track3-sys026-utt302.wav,wav/vmc2026-track3-sys019-utt301.wav,4.3144130252242405
sys026,utt108,wav/vmc2026-track3-sys026-utt108.wav,wav/vmc2026-track3-sys019-utt107.wav,4.14762249274567
sys016,utt244,wav/vmc2026-track3-sys016-utt244.wav,wav/vmc2026-track3-sys019-utt243.wav,4.726225834325157
sys023,utt088,wav/vmc2026-track3-sys023-utt088.wav,wav/vmc2026-track3-sys019-utt087.wav,3.8440342047990548
sys005,utt152,wav/vmc2026-track3-sys005-utt152.wav,wav/vmc2026-track3-sys019-utt151.wav,3.862238360890846
sys014,utt228,wav/vmc2026-track3-sys014-utt228.wav,wav/vmc2026-track3-sys019-utt227.wav,4.222052886932877
sys002,utt296,wav/vmc2026-track3-sys002-utt296.wav,wav/vmc2026-track3-sys019-utt295.wav,4.303093534650065
sys023,utt082,wav/vmc2026-track3-sys023-utt082.wav,wav/vmc2026-track3-sys019-utt081.wav,3.534204206036649
sys010,utt172,wav/vmc2026-track3-sys010-utt172.wav,wav/vmc2026-track3-sys019-utt171.wav,3.704190121546258
sys006,utt136,wav/vmc2026-track3-sys006-utt136.wav,wav/vmc2026-track3-sys019-utt135.wav,3.9897018868295273
sys014,utt292,wav/vmc2026-track3-sys014-utt292.wav,wav/vmc2026-track3-sys019-utt291.wav,4.263629725480244
sys010,utt104,wav/vmc2026-track3-sys010-utt104.wav,wav/vmc2026-track3-sys019-utt103.wav,4.021449085084102
sys022,utt298,wav/vmc2026-track3-sys022-utt298.wav,wav/vmc2026-track3-sys019-utt297.wav,4.0770742559908495
sys018,utt140,wav/vmc2026-track3-sys018-utt140.wav,wav/vmc2026-track3-sys019-utt139.wav,3.727359353718607
sys002,utt248,wav/vmc2026-track3-sys002-utt248.wav,wav/vmc2026-track3-sys019-utt247.wav,4.639336778330157
sys002,utt182,wav/vmc2026-track3-sys002-utt182.wav,wav/vmc2026-track3-sys019-utt181.wav,4.339578121738332
sys018,utt212,wav/vmc2026-track3-sys018-utt212.wav,wav/vmc2026-track3-sys019-utt211.wav,3.883418465420432
sys026,utt080,wav/vmc2026-track3-sys026-utt080.wav,wav/vmc2026-track3-sys019-utt079.wav,3.9379500453480203
sys023,utt136,wav/vmc2026-track3-sys023-utt136.wav,wav/vmc2026-track3-sys019-utt135.wav,4.428137350304917
sys013,utt038,wav/vmc2026-track3-sys013-utt038.wav,wav/vmc2026-track3-sys019-utt037.wav,4.123070452085093
sys007,utt126,wav/vmc2026-track3-sys007-utt126.wav,wav/vmc2026-track3-sys019-utt125.wav,4.09159339656835
sys006,utt006,wav/vmc2026-track3-sys006-utt006.wav,wav/vmc2026-track3-sys019-utt005.wav,4.162830658529084
sys006,utt232,wav/vmc2026-track3-sys006-utt232.wav,wav/vmc2026-track3-sys019-utt231.wav,4.326939447245815
sys020,utt228,wav/vmc2026-track3-sys020-utt228.wav,wav/vmc2026-track3-sys019-utt227.wav,2.878367491674858
sys010,utt266,wav/vmc2026-track3-sys010-utt266.wav,wav/vmc2026-track3-sys019-utt265.wav,4.017028666463601
sys010,utt030,wav/vmc2026-track3-sys010-utt030.wav,wav/vmc2026-track3-sys019-utt029.wav,3.868465013096387
sys005,utt178,wav/vmc2026-track3-sys005-utt178.wav,wav/vmc2026-track3-sys019-utt177.wav,3.2778297225818855
sys006,utt206,wav/vmc2026-track3-sys006-utt206.wav,wav/vmc2026-track3-sys019-utt205.wav,4.155649589090544
sys013,utt264,wav/vmc2026-track3-sys013-utt264.wav,wav/vmc2026-track3-sys019-utt263.wav,4.054091271284306
sys005,utt312,wav/vmc2026-track3-sys005-utt312.wav,wav/vmc2026-track3-sys019-utt311.wav,3.2510103782106246
sys013,utt306,wav/vmc2026-track3-sys013-utt306.wav,wav/vmc2026-track3-sys019-utt305.wav,4.698764274494941
sys023,utt306,wav/vmc2026-track3-sys023-utt306.wav,wav/vmc2026-track3-sys019-utt305.wav,4.270031439242678
sys017,utt150,wav/vmc2026-track3-sys017-utt150.wav,wav/vmc2026-track3-sys019-utt149.wav,3.8683679766950143
sys001,utt034,wav/vmc2026-track3-sys001-utt034.wav,wav/vmc2026-track3-sys019-utt033.wav,4.103843779592551
sys009,utt212,wav/vmc2026-track3-sys009-utt212.wav,wav/vmc2026-track3-sys019-utt211.wav,4.7423474263836
sys002,utt298,wav/vmc2026-track3-sys002-utt298.wav,wav/vmc2026-track3-sys019-utt297.wav,4.4781657951543
sys006,utt038,wav/vmc2026-track3-sys006-utt038.wav,wav/vmc2026-track3-sys019-utt037.wav,4.297617197853099
sys026,utt122,wav/vmc2026-track3-sys026-utt122.wav,wav/vmc2026-track3-sys019-utt121.wav,4.141970569252617
sys009,utt008,wav/vmc2026-track3-sys009-utt008.wav,wav/vmc2026-track3-sys019-utt007.wav,4.794706489902548
sys018,utt104,wav/vmc2026-track3-sys018-utt104.wav,wav/vmc2026-track3-sys019-utt103.wav,2.643096623879404
sys018,utt216,wav/vmc2026-track3-sys018-utt216.wav,wav/vmc2026-track3-sys019-utt215.wav,4.036469243762758
sys025,utt044,wav/vmc2026-track3-sys025-utt044.wav,wav/vmc2026-track3-sys019-utt043.wav,3.675341741640748
sys006,utt216,wav/vmc2026-track3-sys006-utt216.wav,wav/vmc2026-track3-sys019-utt215.wav,4.858160518010392
sys024,utt296,wav/vmc2026-track3-sys024-utt296.wav,wav/vmc2026-track3-sys019-utt295.wav,4.276085136042022
sys018,utt308,wav/vmc2026-track3-sys018-utt308.wav,wav/vmc2026-track3-sys019-utt307.wav,3.3709251066828196
sys010,utt070,wav/vmc2026-track3-sys010-utt070.wav,wav/vmc2026-track3-sys019-utt069.wav,3.509708640531163
sys023,utt028,wav/vmc2026-track3-sys023-utt028.wav,wav/vmc2026-track3-sys019-utt027.wav,4.464987147465073
sys002,utt040,wav/vmc2026-track3-sys002-utt040.wav,wav/vmc2026-track3-sys019-utt039.wav,4.258382655217362
sys009,utt082,wav/vmc2026-track3-sys009-utt082.wav,wav/vmc2026-track3-sys019-utt081.wav,4.658688986143908
sys016,utt184,wav/vmc2026-track3-sys016-utt184.wav,wav/vmc2026-track3-sys019-utt183.wav,3.272711319487724
sys007,utt210,wav/vmc2026-track3-sys007-utt210.wav,wav/vmc2026-track3-sys019-utt209.wav,3.869111831355516
sys025,utt296,wav/vmc2026-track3-sys025-utt296.wav,wav/vmc2026-track3-sys019-utt295.wav,3.9675357956249337
sys016,utt090,wav/vmc2026-track3-sys016-utt090.wav,wav/vmc2026-track3-sys019-utt089.wav,3.8411671503858673
sys012,utt014,wav/vmc2026-track3-sys012-utt014.wav,wav/vmc2026-track3-sys019-utt013.wav,4.543375231035052
sys014,utt074,wav/vmc2026-track3-sys014-utt074.wav,wav/vmc2026-track3-sys019-utt073.wav,4.228587171698063
sys023,utt278,wav/vmc2026-track3-sys023-utt278.wav,wav/vmc2026-track3-sys019-utt277.wav,4.297789195737323
sys009,utt042,wav/vmc2026-track3-sys009-utt042.wav,wav/vmc2026-track3-sys019-utt041.wav,4.658089333567114
sys009,utt132,wav/vmc2026-track3-sys009-utt132.wav,wav/vmc2026-track3-sys019-utt131.wav,4.290963189784346
sys009,utt232,wav/vmc2026-track3-sys009-utt232.wav,wav/vmc2026-track3-sys019-utt231.wav,4.3740096130119515
sys016,utt124,wav/vmc2026-track3-sys016-utt124.wav,wav/vmc2026-track3-sys019-utt123.wav,4.118338796565442
sys007,utt314,wav/vmc2026-track3-sys007-utt314.wav,wav/vmc2026-track3-sys019-utt313.wav,3.691639476877319
sys013,utt178,wav/vmc2026-track3-sys013-utt178.wav,wav/vmc2026-track3-sys019-utt177.wav,4.158662418196008
sys013,utt074,wav/vmc2026-track3-sys013-utt074.wav,wav/vmc2026-track3-sys019-utt073.wav,4.099177905573123
sys026,utt202,wav/vmc2026-track3-sys026-utt202.wav,wav/vmc2026-track3-sys019-utt201.wav,3.3821010921837247
sys026,utt304,wav/vmc2026-track3-sys026-utt304.wav,wav/vmc2026-track3-sys019-utt303.wav,3.884504771743895
sys010,utt212,wav/vmc2026-track3-sys010-utt212.wav,wav/vmc2026-track3-sys019-utt211.wav,4.029274471017044
sys024,utt316,wav/vmc2026-track3-sys024-utt316.wav,wav/vmc2026-track3-sys019-utt315.wav,3.5307235647527717
sys007,utt288,wav/vmc2026-track3-sys007-utt288.wav,wav/vmc2026-track3-sys019-utt287.wav,4.479030901116508
sys011,utt128,wav/vmc2026-track3-sys011-utt128.wav,wav/vmc2026-track3-sys019-utt127.wav,4.796593529628165
sys022,utt106,wav/vmc2026-track3-sys022-utt106.wav,wav/vmc2026-track3-sys019-utt105.wav,3.7392629016915855
sys013,utt136,wav/vmc2026-track3-sys013-utt136.wav,wav/vmc2026-track3-sys019-utt135.wav,3.6797615287992036
sys005,utt106,wav/vmc2026-track3-sys005-utt106.wav,wav/vmc2026-track3-sys019-utt105.wav,2.5725918359042557
sys017,utt274,wav/vmc2026-track3-sys017-utt274.wav,wav/vmc2026-track3-sys019-utt273.wav,4.134327362100659
sys002,utt038,wav/vmc2026-track3-sys002-utt038.wav,wav/vmc2026-track3-sys019-utt037.wav,4.135577683948892
sys007,utt238,wav/vmc2026-track3-sys007-utt238.wav,wav/vmc2026-track3-sys019-utt237.wav,4.294960621547528
sys010,utt300,wav/vmc2026-track3-sys010-utt300.wav,wav/vmc2026-track3-sys019-utt299.wav,3.859469223534204
sys017,utt046,wav/vmc2026-track3-sys017-utt046.wav,wav/vmc2026-track3-sys019-utt045.wav,4.037033730550634
sys001,utt048,wav/vmc2026-track3-sys001-utt048.wav,wav/vmc2026-track3-sys019-utt047.wav,3.938314610198716
sys014,utt246,wav/vmc2026-track3-sys014-utt246.wav,wav/vmc2026-track3-sys019-utt245.wav,4.4900915648043656
sys017,utt124,wav/vmc2026-track3-sys017-utt124.wav,wav/vmc2026-track3-sys019-utt123.wav,3.772538379128998
sys022,utt264,wav/vmc2026-track3-sys022-utt264.wav,wav/vmc2026-track3-sys019-utt263.wav,4.070230190785022
sys012,utt148,wav/vmc2026-track3-sys012-utt148.wav,wav/vmc2026-track3-sys019-utt147.wav,3.1692912464883127
sys011,utt042,wav/vmc2026-track3-sys011-utt042.wav,wav/vmc2026-track3-sys019-utt041.wav,4.356110106617592
sys009,utt224,wav/vmc2026-track3-sys009-utt224.wav,wav/vmc2026-track3-sys019-utt223.wav,4.907522524378036
sys010,utt136,wav/vmc2026-track3-sys010-utt136.wav,wav/vmc2026-track3-sys019-utt135.wav,3.7305987212047325
sys026,utt118,wav/vmc2026-track3-sys026-utt118.wav,wav/vmc2026-track3-sys019-utt117.wav,3.8460151578632304
sys018,utt072,wav/vmc2026-track3-sys018-utt072.wav,wav/vmc2026-track3-sys019-utt071.wav,3.7674908384019163
sys025,utt242,wav/vmc2026-track3-sys025-utt242.wav,wav/vmc2026-track3-sys019-utt241.wav,4.005985516556153
sys022,utt272,wav/vmc2026-track3-sys022-utt272.wav,wav/vmc2026-track3-sys019-utt271.wav,3.9972524195219497
sys024,utt110,wav/vmc2026-track3-sys024-utt110.wav,wav/vmc2026-track3-sys019-utt109.wav,4.169906119325412
sys002,utt232,wav/vmc2026-track3-sys002-utt232.wav,wav/vmc2026-track3-sys019-utt231.wav,4.801556323196406
sys010,utt226,wav/vmc2026-track3-sys010-utt226.wav,wav/vmc2026-track3-sys019-utt225.wav,4.149089783177974
sys017,utt208,wav/vmc2026-track3-sys017-utt208.wav,wav/vmc2026-track3-sys019-utt207.wav,3.597720673030964
sys008,utt308,wav/vmc2026-track3-sys008-utt308.wav,wav/vmc2026-track3-sys019-utt307.wav,4.904575540514669
sys007,utt212,wav/vmc2026-track3-sys007-utt212.wav,wav/vmc2026-track3-sys019-utt211.wav,4.331661560215212
sys016,utt104,wav/vmc2026-track3-sys016-utt104.wav,wav/vmc2026-track3-sys019-utt103.wav,3.2187070158654687
sys020,utt284,wav/vmc2026-track3-sys020-utt284.wav,wav/vmc2026-track3-sys019-utt283.wav,3.1878652167279964
sys012,utt042,wav/vmc2026-track3-sys012-utt042.wav,wav/vmc2026-track3-sys019-utt041.wav,3.5680867398626916
sys014,utt248,wav/vmc2026-track3-sys014-utt248.wav,wav/vmc2026-track3-sys019-utt247.wav,4.734784942646286
sys024,utt066,wav/vmc2026-track3-sys024-utt066.wav,wav/vmc2026-track3-sys019-utt065.wav,4.322262518637747
sys025,utt292,wav/vmc2026-track3-sys025-utt292.wav,wav/vmc2026-track3-sys019-utt291.wav,3.914900564691823
sys002,utt244,wav/vmc2026-track3-sys002-utt244.wav,wav/vmc2026-track3-sys019-utt243.wav,4.43896352484576
sys023,utt042,wav/vmc2026-track3-sys023-utt042.wav,wav/vmc2026-track3-sys019-utt041.wav,5.0
sys009,utt040,wav/vmc2026-track3-sys009-utt040.wav,wav/vmc2026-track3-sys019-utt039.wav,4.902481745256988
sys008,utt078,wav/vmc2026-track3-sys008-utt078.wav,wav/vmc2026-track3-sys019-utt077.wav,4.615295944456515
sys017,utt122,wav/vmc2026-track3-sys017-utt122.wav,wav/vmc2026-track3-sys019-utt121.wav,4.24895353861336
sys007,utt152,wav/vmc2026-track3-sys007-utt152.wav,wav/vmc2026-track3-sys019-utt151.wav,4.149525577949148
sys018,utt144,wav/vmc2026-track3-sys018-utt144.wav,wav/vmc2026-track3-sys019-utt143.wav,2.8788829166665098
sys012,utt160,wav/vmc2026-track3-sys012-utt160.wav,wav/vmc2026-track3-sys019-utt159.wav,4.232904136617338
sys013,utt312,wav/vmc2026-track3-sys013-utt312.wav,wav/vmc2026-track3-sys019-utt311.wav,3.673540703180655
sys017,utt268,wav/vmc2026-track3-sys017-utt268.wav,wav/vmc2026-track3-sys019-utt267.wav,3.7372343447473813
sys002,utt306,wav/vmc2026-track3-sys002-utt306.wav,wav/vmc2026-track3-sys019-utt305.wav,4.1262861491598635
sys005,utt036,wav/vmc2026-track3-sys005-utt036.wav,wav/vmc2026-track3-sys019-utt035.wav,3.577036983948327
sys008,utt246,wav/vmc2026-track3-sys008-utt246.wav,wav/vmc2026-track3-sys019-utt245.wav,4.900715195119549
sys006,utt036,wav/vmc2026-track3-sys006-utt036.wav,wav/vmc2026-track3-sys019-utt035.wav,3.782531563203613
sys005,utt112,wav/vmc2026-track3-sys005-utt112.wav,wav/vmc2026-track3-sys019-utt111.wav,2.891412462958136
sys005,utt222,wav/vmc2026-track3-sys005-utt222.wav,wav/vmc2026-track3-sys019-utt221.wav,3.3936693941072256
sys022,utt088,wav/vmc2026-track3-sys022-utt088.wav,wav/vmc2026-track3-sys019-utt087.wav,3.768056479800877
sys026,utt242,wav/vmc2026-track3-sys026-utt242.wav,wav/vmc2026-track3-sys019-utt241.wav,4.160836426707629
sys016,utt062,wav/vmc2026-track3-sys016-utt062.wav,wav/vmc2026-track3-sys019-utt061.wav,3.3212917078414903
sys012,utt234,wav/vmc2026-track3-sys012-utt234.wav,wav/vmc2026-track3-sys019-utt233.wav,3.4704374645221607
sys006,utt138,wav/vmc2026-track3-sys006-utt138.wav,wav/vmc2026-track3-sys019-utt137.wav,4.090186898232455
sys006,utt180,wav/vmc2026-track3-sys006-utt180.wav,wav/vmc2026-track3-sys019-utt179.wav,4.092038303592457
sys025,utt214,wav/vmc2026-track3-sys025-utt214.wav,wav/vmc2026-track3-sys019-utt213.wav,3.9857973382450718
sys005,utt224,wav/vmc2026-track3-sys005-utt224.wav,wav/vmc2026-track3-sys019-utt223.wav,2.955902676129647
sys023,utt106,wav/vmc2026-track3-sys023-utt106.wav,wav/vmc2026-track3-sys019-utt105.wav,4.924788276050254
sys026,utt126,wav/vmc2026-track3-sys026-utt126.wav,wav/vmc2026-track3-sys019-utt125.wav,4.558635401114115
sys014,utt308,wav/vmc2026-track3-sys014-utt308.wav,wav/vmc2026-track3-sys019-utt307.wav,4.781178036775904
sys011,utt192,wav/vmc2026-track3-sys011-utt192.wav,wav/vmc2026-track3-sys019-utt191.wav,4.289551918644108
sys002,utt030,wav/vmc2026-track3-sys002-utt030.wav,wav/vmc2026-track3-sys019-utt029.wav,4.014460546387844
sys018,utt296,wav/vmc2026-track3-sys018-utt296.wav,wav/vmc2026-track3-sys019-utt295.wav,3.9876751761235427
sys012,utt154,wav/vmc2026-track3-sys012-utt154.wav,wav/vmc2026-track3-sys019-utt153.wav,4.316860416652231
sys009,utt214,wav/vmc2026-track3-sys009-utt214.wav,wav/vmc2026-track3-sys019-utt213.wav,4.864541682913065
sys005,utt064,wav/vmc2026-track3-sys005-utt064.wav,wav/vmc2026-track3-sys019-utt063.wav,3.5498827691660586
sys008,utt050,wav/vmc2026-track3-sys008-utt050.wav,wav/vmc2026-track3-sys019-utt049.wav,4.857108305183271
sys026,utt312,wav/vmc2026-track3-sys026-utt312.wav,wav/vmc2026-track3-sys019-utt311.wav,3.841442902308675
sys018,utt200,wav/vmc2026-track3-sys018-utt200.wav,wav/vmc2026-track3-sys019-utt199.wav,4.218566437841469
sys002,utt186,wav/vmc2026-track3-sys002-utt186.wav,wav/vmc2026-track3-sys019-utt185.wav,4.43752839579976
sys002,utt106,wav/vmc2026-track3-sys002-utt106.wav,wav/vmc2026-track3-sys019-utt105.wav,4.67193830652365
sys006,utt044,wav/vmc2026-track3-sys006-utt044.wav,wav/vmc2026-track3-sys019-utt043.wav,4.29316783418778
sys014,utt172,wav/vmc2026-track3-sys014-utt172.wav,wav/vmc2026-track3-sys019-utt171.wav,4.097680046486286
sys017,utt030,wav/vmc2026-track3-sys017-utt030.wav,wav/vmc2026-track3-sys019-utt029.wav,3.9656068256986337
sys022,utt154,wav/vmc2026-track3-sys022-utt154.wav,wav/vmc2026-track3-sys019-utt153.wav,4.000600849104559
sys023,utt006,wav/vmc2026-track3-sys023-utt006.wav,wav/vmc2026-track3-sys019-utt005.wav,4.325003356754222
sys022,utt128,wav/vmc2026-track3-sys022-utt128.wav,wav/vmc2026-track3-sys019-utt127.wav,3.1678509011866325
sys023,utt114,wav/vmc2026-track3-sys023-utt114.wav,wav/vmc2026-track3-sys019-utt113.wav,4.352899001700469
sys010,utt312,wav/vmc2026-track3-sys010-utt312.wav,wav/vmc2026-track3-sys019-utt311.wav,3.661495578527722
sys013,utt300,wav/vmc2026-track3-sys013-utt300.wav,wav/vmc2026-track3-sys019-utt299.wav,4.09105098355768
sys023,utt148,wav/vmc2026-track3-sys023-utt148.wav,wav/vmc2026-track3-sys019-utt147.wav,4.205108173896323
sys010,utt160,wav/vmc2026-track3-sys010-utt160.wav,wav/vmc2026-track3-sys019-utt159.wav,4.29460167254313
sys009,utt124,wav/vmc2026-track3-sys009-utt124.wav,wav/vmc2026-track3-sys019-utt123.wav,4.427460024050467
sys017,utt112,wav/vmc2026-track3-sys017-utt112.wav,wav/vmc2026-track3-sys019-utt111.wav,3.3834345073943366
sys012,utt026,wav/vmc2026-track3-sys012-utt026.wav,wav/vmc2026-track3-sys019-utt025.wav,3.9863756902299086
sys018,utt314,wav/vmc2026-track3-sys018-utt314.wav,wav/vmc2026-track3-sys019-utt313.wav,2.920890821644692
sys018,utt268,wav/vmc2026-track3-sys018-utt268.wav,wav/vmc2026-track3-sys019-utt267.wav,3.482080005657592
sys024,utt184,wav/vmc2026-track3-sys024-utt184.wav,wav/vmc2026-track3-sys019-utt183.wav,4.378179664145712
sys013,utt194,wav/vmc2026-track3-sys013-utt194.wav,wav/vmc2026-track3-sys019-utt193.wav,4.129883692319499
sys018,utt182,wav/vmc2026-track3-sys018-utt182.wav,wav/vmc2026-track3-sys019-utt181.wav,3.1071302530712988
sys020,utt244,wav/vmc2026-track3-sys020-utt244.wav,wav/vmc2026-track3-sys019-utt243.wav,3.3529863133036524
sys025,utt132,wav/vmc2026-track3-sys025-utt132.wav,wav/vmc2026-track3-sys019-utt131.wav,3.3571435916894665
sys024,utt014,wav/vmc2026-track3-sys024-utt014.wav,wav/vmc2026-track3-sys019-utt013.wav,4.235729925014633
sys014,utt180,wav/vmc2026-track3-sys014-utt180.wav,wav/vmc2026-track3-sys019-utt179.wav,4.465971875855605
sys023,utt280,wav/vmc2026-track3-sys023-utt280.wav,wav/vmc2026-track3-sys019-utt279.wav,4.836156618264289
sys018,utt178,wav/vmc2026-track3-sys018-utt178.wav,wav/vmc2026-track3-sys019-utt177.wav,3.81967885624368
sys011,utt154,wav/vmc2026-track3-sys011-utt154.wav,wav/vmc2026-track3-sys019-utt153.wav,3.9219109399276957
sys008,utt278,wav/vmc2026-track3-sys008-utt278.wav,wav/vmc2026-track3-sys019-utt277.wav,5.0
sys022,utt250,wav/vmc2026-track3-sys022-utt250.wav,wav/vmc2026-track3-sys019-utt249.wav,3.7342071354509274
sys022,utt182,wav/vmc2026-track3-sys022-utt182.wav,wav/vmc2026-track3-sys019-utt181.wav,3.5109814675445374
sys013,utt262,wav/vmc2026-track3-sys013-utt262.wav,wav/vmc2026-track3-sys019-utt261.wav,3.9160427559834794
sys017,utt172,wav/vmc2026-track3-sys017-utt172.wav,wav/vmc2026-track3-sys019-utt171.wav,3.779765883220835
sys026,utt244,wav/vmc2026-track3-sys026-utt244.wav,wav/vmc2026-track3-sys019-utt243.wav,4.1405197686011865
sys026,utt022,wav/vmc2026-track3-sys026-utt022.wav,wav/vmc2026-track3-sys019-utt021.wav,4.4083545512776485
sys023,utt068,wav/vmc2026-track3-sys023-utt068.wav,wav/vmc2026-track3-sys019-utt067.wav,4.597762549598443
sys008,utt264,wav/vmc2026-track3-sys008-utt264.wav,wav/vmc2026-track3-sys019-utt263.wav,4.364309574577965
sys001,utt084,wav/vmc2026-track3-sys001-utt084.wav,wav/vmc2026-track3-sys019-utt083.wav,4.3316322367664695
sys018,utt102,wav/vmc2026-track3-sys018-utt102.wav,wav/vmc2026-track3-sys019-utt101.wav,3.509997799080698
sys024,utt024,wav/vmc2026-track3-sys024-utt024.wav,wav/vmc2026-track3-sys019-utt023.wav,4.107115116224277
sys020,utt076,wav/vmc2026-track3-sys020-utt076.wav,wav/vmc2026-track3-sys019-utt075.wav,3.468392096211181
sys016,utt118,wav/vmc2026-track3-sys016-utt118.wav,wav/vmc2026-track3-sys019-utt117.wav,3.8247363397949434
sys001,utt156,wav/vmc2026-track3-sys001-utt156.wav,wav/vmc2026-track3-sys019-utt155.wav,3.870399128301102
sys025,utt192,wav/vmc2026-track3-sys025-utt192.wav,wav/vmc2026-track3-sys019-utt191.wav,4.103011197676703
sys023,utt014,wav/vmc2026-track3-sys023-utt014.wav,wav/vmc2026-track3-sys019-utt013.wav,4.362944278056423
sys007,utt172,wav/vmc2026-track3-sys007-utt172.wav,wav/vmc2026-track3-sys019-utt171.wav,3.6761260527012944
sys010,utt268,wav/vmc2026-track3-sys010-utt268.wav,wav/vmc2026-track3-sys019-utt267.wav,3.943772001511169
sys016,utt306,wav/vmc2026-track3-sys016-utt306.wav,wav/vmc2026-track3-sys019-utt305.wav,3.6601095645352397
sys013,utt286,wav/vmc2026-track3-sys013-utt286.wav,wav/vmc2026-track3-sys019-utt285.wav,3.7666387114314426
sys010,utt218,wav/vmc2026-track3-sys010-utt218.wav,wav/vmc2026-track3-sys019-utt217.wav,4.37371054288231
sys024,utt290,wav/vmc2026-track3-sys024-utt290.wav,wav/vmc2026-track3-sys019-utt289.wav,3.408351809949587
sys013,utt070,wav/vmc2026-track3-sys013-utt070.wav,wav/vmc2026-track3-sys019-utt069.wav,3.954454959249409
sys018,utt126,wav/vmc2026-track3-sys018-utt126.wav,wav/vmc2026-track3-sys019-utt125.wav,3.674283309533425
sys014,utt120,wav/vmc2026-track3-sys014-utt120.wav,wav/vmc2026-track3-sys019-utt119.wav,4.463531822820851
sys022,utt104,wav/vmc2026-track3-sys022-utt104.wav,wav/vmc2026-track3-sys019-utt103.wav,3.764353170904976
sys024,utt034,wav/vmc2026-track3-sys024-utt034.wav,wav/vmc2026-track3-sys019-utt033.wav,3.555175391272576
sys025,utt070,wav/vmc2026-track3-sys025-utt070.wav,wav/vmc2026-track3-sys019-utt069.wav,3.4556706274223563
sys013,utt226,wav/vmc2026-track3-sys013-utt226.wav,wav/vmc2026-track3-sys019-utt225.wav,4.491492879504502
sys002,utt230,wav/vmc2026-track3-sys002-utt230.wav,wav/vmc2026-track3-sys019-utt229.wav,4.950034185102673
sys020,utt292,wav/vmc2026-track3-sys020-utt292.wav,wav/vmc2026-track3-sys019-utt291.wav,3.3098359078505584
sys018,utt008,wav/vmc2026-track3-sys018-utt008.wav,wav/vmc2026-track3-sys019-utt007.wav,3.657713310685648
sys024,utt220,wav/vmc2026-track3-sys024-utt220.wav,wav/vmc2026-track3-sys019-utt219.wav,3.9395327993282234
sys005,utt030,wav/vmc2026-track3-sys005-utt030.wav,wav/vmc2026-track3-sys019-utt029.wav,3.0768537498237167
sys020,utt148,wav/vmc2026-track3-sys020-utt148.wav,wav/vmc2026-track3-sys019-utt147.wav,3.5656876485660876
sys006,utt066,wav/vmc2026-track3-sys006-utt066.wav,wav/vmc2026-track3-sys019-utt065.wav,4.696223657963939
sys020,utt154,wav/vmc2026-track3-sys020-utt154.wav,wav/vmc2026-track3-sys019-utt153.wav,3.90176326558744
sys011,utt176,wav/vmc2026-track3-sys011-utt176.wav,wav/vmc2026-track3-sys019-utt175.wav,4.320594493657794
sys022,utt208,wav/vmc2026-track3-sys022-utt208.wav,wav/vmc2026-track3-sys019-utt207.wav,3.718915061567511
sys018,utt032,wav/vmc2026-track3-sys018-utt032.wav,wav/vmc2026-track3-sys019-utt031.wav,3.369735057159423
sys023,utt144,wav/vmc2026-track3-sys023-utt144.wav,wav/vmc2026-track3-sys019-utt143.wav,3.9115430948286085
sys012,utt084,wav/vmc2026-track3-sys012-utt084.wav,wav/vmc2026-track3-sys019-utt083.wav,4.365737496876123
sys006,utt176,wav/vmc2026-track3-sys006-utt176.wav,wav/vmc2026-track3-sys019-utt175.wav,3.948342684293464
sys020,utt218,wav/vmc2026-track3-sys020-utt218.wav,wav/vmc2026-track3-sys019-utt217.wav,3.450852404363461
sys012,utt002,wav/vmc2026-track3-sys012-utt002.wav,wav/vmc2026-track3-sys019-utt001.wav,4.090808114226758
sys016,utt292,wav/vmc2026-track3-sys016-utt292.wav,wav/vmc2026-track3-sys019-utt291.wav,3.3244826207461737
sys022,utt282,wav/vmc2026-track3-sys022-utt282.wav,wav/vmc2026-track3-sys019-utt281.wav,3.9099132684382094
sys011,utt184,wav/vmc2026-track3-sys011-utt184.wav,wav/vmc2026-track3-sys019-utt183.wav,4.993927647179741
sys022,utt196,wav/vmc2026-track3-sys022-utt196.wav,wav/vmc2026-track3-sys019-utt195.wav,3.8645556873662703
sys024,utt002,wav/vmc2026-track3-sys024-utt002.wav,wav/vmc2026-track3-sys019-utt001.wav,4.2094131595307775
sys016,utt298,wav/vmc2026-track3-sys016-utt298.wav,wav/vmc2026-track3-sys019-utt297.wav,3.7249230651691017
sys012,utt194,wav/vmc2026-track3-sys012-utt194.wav,wav/vmc2026-track3-sys019-utt193.wav,3.52251933832045
sys012,utt238,wav/vmc2026-track3-sys012-utt238.wav,wav/vmc2026-track3-sys019-utt237.wav,3.60123046968194
sys008,utt084,wav/vmc2026-track3-sys008-utt084.wav,wav/vmc2026-track3-sys019-utt083.wav,4.617855250397952
sys007,utt086,wav/vmc2026-track3-sys007-utt086.wav,wav/vmc2026-track3-sys019-utt085.wav,3.7338677934584505
sys006,utt022,wav/vmc2026-track3-sys006-utt022.wav,wav/vmc2026-track3-sys019-utt021.wav,4.21471595682055
sys020,utt266,wav/vmc2026-track3-sys020-utt266.wav,wav/vmc2026-track3-sys019-utt265.wav,3.5452793170161336
sys007,utt112,wav/vmc2026-track3-sys007-utt112.wav,wav/vmc2026-track3-sys019-utt111.wav,3.705365860157271
sys014,utt232,wav/vmc2026-track3-sys014-utt232.wav,wav/vmc2026-track3-sys019-utt231.wav,4.460058172183171
sys020,utt112,wav/vmc2026-track3-sys020-utt112.wav,wav/vmc2026-track3-sys019-utt111.wav,3.013631220306629
sys022,utt038,wav/vmc2026-track3-sys022-utt038.wav,wav/vmc2026-track3-sys019-utt037.wav,3.7143369501746055
sys018,utt218,wav/vmc2026-track3-sys018-utt218.wav,wav/vmc2026-track3-sys019-utt217.wav,4.133956638365807
sys005,utt298,wav/vmc2026-track3-sys005-utt298.wav,wav/vmc2026-track3-sys019-utt297.wav,3.2065532440028255
sys025,utt302,wav/vmc2026-track3-sys025-utt302.wav,wav/vmc2026-track3-sys019-utt301.wav,4.041125444957273
sys018,utt270,wav/vmc2026-track3-sys018-utt270.wav,wav/vmc2026-track3-sys019-utt269.wav,3.5633175031660818
sys009,utt282,wav/vmc2026-track3-sys009-utt282.wav,wav/vmc2026-track3-sys019-utt281.wav,4.901995076847363
sys018,utt210,wav/vmc2026-track3-sys018-utt210.wav,wav/vmc2026-track3-sys019-utt209.wav,3.2997534343075885
sys001,utt172,wav/vmc2026-track3-sys001-utt172.wav,wav/vmc2026-track3-sys019-utt171.wav,3.569496884226585
sys013,utt002,wav/vmc2026-track3-sys013-utt002.wav,wav/vmc2026-track3-sys019-utt001.wav,4.28198456520261
sys009,utt302,wav/vmc2026-track3-sys009-utt302.wav,wav/vmc2026-track3-sys019-utt301.wav,4.800124566186243
sys024,utt292,wav/vmc2026-track3-sys024-utt292.wav,wav/vmc2026-track3-sys019-utt291.wav,4.247869642559431
sys010,utt264,wav/vmc2026-track3-sys010-utt264.wav,wav/vmc2026-track3-sys019-utt263.wav,3.8740658097211162
sys007,utt200,wav/vmc2026-track3-sys007-utt200.wav,wav/vmc2026-track3-sys019-utt199.wav,4.06636936705177
sys022,utt102,wav/vmc2026-track3-sys022-utt102.wav,wav/vmc2026-track3-sys019-utt101.wav,3.3740050678087794
sys013,utt062,wav/vmc2026-track3-sys013-utt062.wav,wav/vmc2026-track3-sys019-utt061.wav,3.863058559478273
sys013,utt250,wav/vmc2026-track3-sys013-utt250.wav,wav/vmc2026-track3-sys019-utt249.wav,4.318047407254987
sys010,utt010,wav/vmc2026-track3-sys010-utt010.wav,wav/vmc2026-track3-sys019-utt009.wav,3.960727356183307
sys024,utt180,wav/vmc2026-track3-sys024-utt180.wav,wav/vmc2026-track3-sys019-utt179.wav,3.765706726801615
sys002,utt208,wav/vmc2026-track3-sys002-utt208.wav,wav/vmc2026-track3-sys019-utt207.wav,4.45207048596689
sys013,utt050,wav/vmc2026-track3-sys013-utt050.wav,wav/vmc2026-track3-sys019-utt049.wav,4.3545303388887495
sys013,utt066,wav/vmc2026-track3-sys013-utt066.wav,wav/vmc2026-track3-sys019-utt065.wav,3.839961573360969
sys001,utt266,wav/vmc2026-track3-sys001-utt266.wav,wav/vmc2026-track3-sys019-utt265.wav,3.4145502300040027
sys001,utt016,wav/vmc2026-track3-sys001-utt016.wav,wav/vmc2026-track3-sys019-utt015.wav,3.877856787589727
sys024,utt018,wav/vmc2026-track3-sys024-utt018.wav,wav/vmc2026-track3-sys019-utt017.wav,3.9171665394376802
sys001,utt020,wav/vmc2026-track3-sys001-utt020.wav,wav/vmc2026-track3-sys019-utt019.wav,3.8096674282359935
sys016,utt126,wav/vmc2026-track3-sys016-utt126.wav,wav/vmc2026-track3-sys019-utt125.wav,4.050850038681631
sys022,utt198,wav/vmc2026-track3-sys022-utt198.wav,wav/vmc2026-track3-sys019-utt197.wav,4.115373590912574
sys006,utt076,wav/vmc2026-track3-sys006-utt076.wav,wav/vmc2026-track3-sys019-utt075.wav,4.455228232042974
sys002,utt266,wav/vmc2026-track3-sys002-utt266.wav,wav/vmc2026-track3-sys019-utt265.wav,4.2645139754414965
sys001,utt116,wav/vmc2026-track3-sys001-utt116.wav,wav/vmc2026-track3-sys019-utt115.wav,3.750571125436084
sys025,utt264,wav/vmc2026-track3-sys025-utt264.wav,wav/vmc2026-track3-sys019-utt263.wav,3.7493658988643093
sys006,utt134,wav/vmc2026-track3-sys006-utt134.wav,wav/vmc2026-track3-sys019-utt133.wav,4.023298558418275
sys012,utt144,wav/vmc2026-track3-sys012-utt144.wav,wav/vmc2026-track3-sys019-utt143.wav,2.6261716570633116
sys007,utt046,wav/vmc2026-track3-sys007-utt046.wav,wav/vmc2026-track3-sys019-utt045.wav,3.502723575881512
sys008,utt214,wav/vmc2026-track3-sys008-utt214.wav,wav/vmc2026-track3-sys019-utt213.wav,4.761362690646452
sys007,utt176,wav/vmc2026-track3-sys007-utt176.wav,wav/vmc2026-track3-sys019-utt175.wav,3.7250013330989002
sys007,utt224,wav/vmc2026-track3-sys007-utt224.wav,wav/vmc2026-track3-sys019-utt223.wav,4.065568565660358
sys014,utt276,wav/vmc2026-track3-sys014-utt276.wav,wav/vmc2026-track3-sys019-utt275.wav,4.4792470363325085
sys009,utt084,wav/vmc2026-track3-sys009-utt084.wav,wav/vmc2026-track3-sys019-utt083.wav,4.403784953278659
sys011,utt034,wav/vmc2026-track3-sys011-utt034.wav,wav/vmc2026-track3-sys019-utt033.wav,4.047035269067868
sys025,utt148,wav/vmc2026-track3-sys025-utt148.wav,wav/vmc2026-track3-sys019-utt147.wav,3.5354342634424425
sys005,utt132,wav/vmc2026-track3-sys005-utt132.wav,wav/vmc2026-track3-sys019-utt131.wav,3.5796507840685465
sys024,utt318,wav/vmc2026-track3-sys024-utt318.wav,wav/vmc2026-track3-sys019-utt317.wav,4.162044576535154
sys018,utt186,wav/vmc2026-track3-sys018-utt186.wav,wav/vmc2026-track3-sys019-utt185.wav,3.500986118593903
sys017,utt108,wav/vmc2026-track3-sys017-utt108.wav,wav/vmc2026-track3-sys019-utt107.wav,4.061375962191187
sys022,utt156,wav/vmc2026-track3-sys022-utt156.wav,wav/vmc2026-track3-sys019-utt155.wav,4.289630808889826
sys023,utt038,wav/vmc2026-track3-sys023-utt038.wav,wav/vmc2026-track3-sys019-utt037.wav,3.683642059225232
sys005,utt192,wav/vmc2026-track3-sys005-utt192.wav,wav/vmc2026-track3-sys019-utt191.wav,3.316216839541915
sys013,utt248,wav/vmc2026-track3-sys013-utt248.wav,wav/vmc2026-track3-sys019-utt247.wav,4.504069308975395
sys022,utt008,wav/vmc2026-track3-sys022-utt008.wav,wav/vmc2026-track3-sys019-utt007.wav,4.061508511598249
sys014,utt174,wav/vmc2026-track3-sys014-utt174.wav,wav/vmc2026-track3-sys019-utt173.wav,4.110235488882009
sys008,utt234,wav/vmc2026-track3-sys008-utt234.wav,wav/vmc2026-track3-sys019-utt233.wav,4.298052651593788
sys001,utt066,wav/vmc2026-track3-sys001-utt066.wav,wav/vmc2026-track3-sys019-utt065.wav,3.991850409053538
sys022,utt044,wav/vmc2026-track3-sys022-utt044.wav,wav/vmc2026-track3-sys019-utt043.wav,3.9289815778310886
sys008,utt178,wav/vmc2026-track3-sys008-utt178.wav,wav/vmc2026-track3-sys019-utt177.wav,4.192588941050506
sys008,utt306,wav/vmc2026-track3-sys008-utt306.wav,wav/vmc2026-track3-sys019-utt305.wav,5.0
sys020,utt072,wav/vmc2026-track3-sys020-utt072.wav,wav/vmc2026-track3-sys019-utt071.wav,3.4795880714029552
sys018,utt264,wav/vmc2026-track3-sys018-utt264.wav,wav/vmc2026-track3-sys019-utt263.wav,3.0599887649398676
sys018,utt112,wav/vmc2026-track3-sys018-utt112.wav,wav/vmc2026-track3-sys019-utt111.wav,3.303542217204641
sys020,utt174,wav/vmc2026-track3-sys020-utt174.wav,wav/vmc2026-track3-sys019-utt173.wav,2.3932470568801385
sys016,utt274,wav/vmc2026-track3-sys016-utt274.wav,wav/vmc2026-track3-sys019-utt273.wav,4.25140121288825
sys009,utt266,wav/vmc2026-track3-sys009-utt266.wav,wav/vmc2026-track3-sys019-utt265.wav,4.477876860192375
sys026,utt174,wav/vmc2026-track3-sys026-utt174.wav,wav/vmc2026-track3-sys019-utt173.wav,3.6351867563095044
sys024,utt202,wav/vmc2026-track3-sys024-utt202.wav,wav/vmc2026-track3-sys019-utt201.wav,4.150603884259736
sys013,utt130,wav/vmc2026-track3-sys013-utt130.wav,wav/vmc2026-track3-sys019-utt129.wav,4.414162025142939
sys012,utt184,wav/vmc2026-track3-sys012-utt184.wav,wav/vmc2026-track3-sys019-utt183.wav,3.6677894494649097
sys006,utt086,wav/vmc2026-track3-sys006-utt086.wav,wav/vmc2026-track3-sys019-utt085.wav,3.961609046547673
sys020,utt002,wav/vmc2026-track3-sys020-utt002.wav,wav/vmc2026-track3-sys019-utt001.wav,3.882161479582836
sys025,utt110,wav/vmc2026-track3-sys025-utt110.wav,wav/vmc2026-track3-sys019-utt109.wav,3.8920443653410612
sys025,utt130,wav/vmc2026-track3-sys025-utt130.wav,wav/vmc2026-track3-sys019-utt129.wav,3.7144128301138846
sys013,utt126,wav/vmc2026-track3-sys013-utt126.wav,wav/vmc2026-track3-sys019-utt125.wav,4.1950130715757465
sys005,utt242,wav/vmc2026-track3-sys005-utt242.wav,wav/vmc2026-track3-sys019-utt241.wav,3.7363065325228297
sys010,utt292,wav/vmc2026-track3-sys010-utt292.wav,wav/vmc2026-track3-sys019-utt291.wav,3.9857491038130375
sys016,utt180,wav/vmc2026-track3-sys016-utt180.wav,wav/vmc2026-track3-sys019-utt179.wav,3.128902940229125
sys026,utt088,wav/vmc2026-track3-sys026-utt088.wav,wav/vmc2026-track3-sys019-utt087.wav,4.131594978794963
sys006,utt032,wav/vmc2026-track3-sys006-utt032.wav,wav/vmc2026-track3-sys019-utt031.wav,4.084431545506349
sys001,utt178,wav/vmc2026-track3-sys001-utt178.wav,wav/vmc2026-track3-sys019-utt177.wav,3.583358338074041
sys012,utt032,wav/vmc2026-track3-sys012-utt032.wav,wav/vmc2026-track3-sys019-utt031.wav,3.6784307035561494
sys020,utt248,wav/vmc2026-track3-sys020-utt248.wav,wav/vmc2026-track3-sys019-utt247.wav,3.29874642655619
sys025,utt012,wav/vmc2026-track3-sys025-utt012.wav,wav/vmc2026-track3-sys019-utt011.wav,3.3095390813498686
sys011,utt050,wav/vmc2026-track3-sys011-utt050.wav,wav/vmc2026-track3-sys019-utt049.wav,4.3502141689388605
sys023,utt238,wav/vmc2026-track3-sys023-utt238.wav,wav/vmc2026-track3-sys019-utt237.wav,4.301296091031065
sys010,utt238,wav/vmc2026-track3-sys010-utt238.wav,wav/vmc2026-track3-sys019-utt237.wav,3.919178362845854
sys024,utt208,wav/vmc2026-track3-sys024-utt208.wav,wav/vmc2026-track3-sys019-utt207.wav,3.7514376376121077
sys005,utt134,wav/vmc2026-track3-sys005-utt134.wav,wav/vmc2026-track3-sys019-utt133.wav,3.9037562955472693
sys007,utt248,wav/vmc2026-track3-sys007-utt248.wav,wav/vmc2026-track3-sys019-utt247.wav,4.183260622864696
sys006,utt048,wav/vmc2026-track3-sys006-utt048.wav,wav/vmc2026-track3-sys019-utt047.wav,4.478059297760323
sys010,utt276,wav/vmc2026-track3-sys010-utt276.wav,wav/vmc2026-track3-sys019-utt275.wav,3.952393437262108
sys026,utt158,wav/vmc2026-track3-sys026-utt158.wav,wav/vmc2026-track3-sys019-utt157.wav,4.590087554940952
sys016,utt232,wav/vmc2026-track3-sys016-utt232.wav,wav/vmc2026-track3-sys019-utt231.wav,4.07432532744226
sys016,utt008,wav/vmc2026-track3-sys016-utt008.wav,wav/vmc2026-track3-sys019-utt007.wav,3.990213183613271
sys009,utt028,wav/vmc2026-track3-sys009-utt028.wav,wav/vmc2026-track3-sys019-utt027.wav,4.529295888948839
sys009,utt046,wav/vmc2026-track3-sys009-utt046.wav,wav/vmc2026-track3-sys019-utt045.wav,4.948154812442257
sys002,utt016,wav/vmc2026-track3-sys002-utt016.wav,wav/vmc2026-track3-sys019-utt015.wav,5.0
sys012,utt082,wav/vmc2026-track3-sys012-utt082.wav,wav/vmc2026-track3-sys019-utt081.wav,4.10034742873387
sys006,utt124,wav/vmc2026-track3-sys006-utt124.wav,wav/vmc2026-track3-sys019-utt123.wav,4.58721993261244
sys026,utt272,wav/vmc2026-track3-sys026-utt272.wav,wav/vmc2026-track3-sys019-utt271.wav,4.061597388615508
sys002,utt268,wav/vmc2026-track3-sys002-utt268.wav,wav/vmc2026-track3-sys019-utt267.wav,4.085676208961549
sys009,utt110,wav/vmc2026-track3-sys009-utt110.wav,wav/vmc2026-track3-sys019-utt109.wav,4.319557034577891
sys008,utt320,wav/vmc2026-track3-sys008-utt320.wav,wav/vmc2026-track3-sys019-utt319.wav,4.40682643806344
sys010,utt124,wav/vmc2026-track3-sys010-utt124.wav,wav/vmc2026-track3-sys019-utt123.wav,3.8009953032835115
sys005,utt130,wav/vmc2026-track3-sys005-utt130.wav,wav/vmc2026-track3-sys019-utt129.wav,3.24614603858517
sys010,utt206,wav/vmc2026-track3-sys010-utt206.wav,wav/vmc2026-track3-sys019-utt205.wav,3.979307985137668
sys001,utt298,wav/vmc2026-track3-sys001-utt298.wav,wav/vmc2026-track3-sys019-utt297.wav,4.132559340178643
sys005,utt110,wav/vmc2026-track3-sys005-utt110.wav,wav/vmc2026-track3-sys019-utt109.wav,3.482778013651285
sys001,utt194,wav/vmc2026-track3-sys001-utt194.wav,wav/vmc2026-track3-sys019-utt193.wav,3.394798233482366
sys023,utt010,wav/vmc2026-track3-sys023-utt010.wav,wav/vmc2026-track3-sys019-utt009.wav,4.675873426989217
sys018,utt246,wav/vmc2026-track3-sys018-utt246.wav,wav/vmc2026-track3-sys019-utt245.wav,3.556442152891877
sys013,utt298,wav/vmc2026-track3-sys013-utt298.wav,wav/vmc2026-track3-sys019-utt297.wav,4.239980396234709
sys002,utt224,wav/vmc2026-track3-sys002-utt224.wav,wav/vmc2026-track3-sys019-utt223.wav,5.0
sys016,utt270,wav/vmc2026-track3-sys016-utt270.wav,wav/vmc2026-track3-sys019-utt269.wav,3.4620283909055876
sys016,utt026,wav/vmc2026-track3-sys016-utt026.wav,wav/vmc2026-track3-sys019-utt025.wav,3.4752964214574535
sys023,utt128,wav/vmc2026-track3-sys023-utt128.wav,wav/vmc2026-track3-sys019-utt127.wav,4.6902512544541075
sys010,utt142,wav/vmc2026-track3-sys010-utt142.wav,wav/vmc2026-track3-sys019-utt141.wav,3.8366095345025997
sys009,utt192,wav/vmc2026-track3-sys009-utt192.wav,wav/vmc2026-track3-sys019-utt191.wav,4.815747002510241
sys016,utt220,wav/vmc2026-track3-sys016-utt220.wav,wav/vmc2026-track3-sys019-utt219.wav,3.2996796786225384
sys014,utt072,wav/vmc2026-track3-sys014-utt072.wav,wav/vmc2026-track3-sys019-utt071.wav,4.429507039413658
sys014,utt312,wav/vmc2026-track3-sys014-utt312.wav,wav/vmc2026-track3-sys019-utt311.wav,4.168672035483181
sys013,utt014,wav/vmc2026-track3-sys013-utt014.wav,wav/vmc2026-track3-sys019-utt013.wav,4.081092957568123
sys006,utt320,wav/vmc2026-track3-sys006-utt320.wav,wav/vmc2026-track3-sys019-utt319.wav,4.2746957902533795
sys011,utt078,wav/vmc2026-track3-sys011-utt078.wav,wav/vmc2026-track3-sys019-utt077.wav,3.9750037202643482
sys017,utt236,wav/vmc2026-track3-sys017-utt236.wav,wav/vmc2026-track3-sys019-utt235.wav,4.21816055651372
sys011,utt152,wav/vmc2026-track3-sys011-utt152.wav,wav/vmc2026-track3-sys019-utt151.wav,4.379238200848147
sys016,utt140,wav/vmc2026-track3-sys016-utt140.wav,wav/vmc2026-track3-sys019-utt139.wav,3.5371095592321877
sys017,utt178,wav/vmc2026-track3-sys017-utt178.wav,wav/vmc2026-track3-sys019-utt177.wav,3.7584969562133614
sys017,utt224,wav/vmc2026-track3-sys017-utt224.wav,wav/vmc2026-track3-sys019-utt223.wav,4.2198568581726805
sys018,utt292,wav/vmc2026-track3-sys018-utt292.wav,wav/vmc2026-track3-sys019-utt291.wav,4.0368750404704485
sys022,utt148,wav/vmc2026-track3-sys022-utt148.wav,wav/vmc2026-track3-sys019-utt147.wav,3.802980974795595
sys025,utt038,wav/vmc2026-track3-sys025-utt038.wav,wav/vmc2026-track3-sys019-utt037.wav,4.0218105202478895
sys026,utt278,wav/vmc2026-track3-sys026-utt278.wav,wav/vmc2026-track3-sys019-utt277.wav,3.9520338225263525
sys005,utt080,wav/vmc2026-track3-sys005-utt080.wav,wav/vmc2026-track3-sys019-utt079.wav,2.8109354306252423
sys008,utt172,wav/vmc2026-track3-sys008-utt172.wav,wav/vmc2026-track3-sys019-utt171.wav,4.4814637596457345
sys014,utt156,wav/vmc2026-track3-sys014-utt156.wav,wav/vmc2026-track3-sys019-utt155.wav,4.741825647251197
sys012,utt230,wav/vmc2026-track3-sys012-utt230.wav,wav/vmc2026-track3-sys019-utt229.wav,4.505849451626044
sys007,utt106,wav/vmc2026-track3-sys007-utt106.wav,wav/vmc2026-track3-sys019-utt105.wav,3.5009450450833106
sys025,utt036,wav/vmc2026-track3-sys025-utt036.wav,wav/vmc2026-track3-sys019-utt035.wav,3.686624145604422
sys022,utt152,wav/vmc2026-track3-sys022-utt152.wav,wav/vmc2026-track3-sys019-utt151.wav,4.337291234127472
sys006,utt308,wav/vmc2026-track3-sys006-utt308.wav,wav/vmc2026-track3-sys019-utt307.wav,4.883257574788333
sys008,utt226,wav/vmc2026-track3-sys008-utt226.wav,wav/vmc2026-track3-sys019-utt225.wav,5.0
sys010,utt038,wav/vmc2026-track3-sys010-utt038.wav,wav/vmc2026-track3-sys019-utt037.wav,3.454797616607806
sys016,utt284,wav/vmc2026-track3-sys016-utt284.wav,wav/vmc2026-track3-sys019-utt283.wav,4.1299294627637115
sys001,utt192,wav/vmc2026-track3-sys001-utt192.wav,wav/vmc2026-track3-sys019-utt191.wav,4.173203131962063
sys010,utt228,wav/vmc2026-track3-sys010-utt228.wav,wav/vmc2026-track3-sys019-utt227.wav,3.8355742719522365
sys002,utt194,wav/vmc2026-track3-sys002-utt194.wav,wav/vmc2026-track3-sys019-utt193.wav,4.669985894157469
sys006,utt306,wav/vmc2026-track3-sys006-utt306.wav,wav/vmc2026-track3-sys019-utt305.wav,4.9942550472031275
sys010,utt074,wav/vmc2026-track3-sys010-utt074.wav,wav/vmc2026-track3-sys019-utt073.wav,3.9695968836665196
sys016,utt288,wav/vmc2026-track3-sys016-utt288.wav,wav/vmc2026-track3-sys019-utt287.wav,4.3322798023108255
sys005,utt074,wav/vmc2026-track3-sys005-utt074.wav,wav/vmc2026-track3-sys019-utt073.wav,2.7604989327567147
sys007,utt038,wav/vmc2026-track3-sys007-utt038.wav,wav/vmc2026-track3-sys019-utt037.wav,3.534767273935982
sys022,utt296,wav/vmc2026-track3-sys022-utt296.wav,wav/vmc2026-track3-sys019-utt295.wav,3.7029412773687147
sys017,utt202,wav/vmc2026-track3-sys017-utt202.wav,wav/vmc2026-track3-sys019-utt201.wav,4.083878543565257
sys001,utt286,wav/vmc2026-track3-sys001-utt286.wav,wav/vmc2026-track3-sys019-utt285.wav,3.727354690513612
sys009,utt268,wav/vmc2026-track3-sys009-utt268.wav,wav/vmc2026-track3-sys019-utt267.wav,4.6988695029575505
sys020,utt272,wav/vmc2026-track3-sys020-utt272.wav,wav/vmc2026-track3-sys019-utt271.wav,3.5891187550806425
sys013,utt030,wav/vmc2026-track3-sys013-utt030.wav,wav/vmc2026-track3-sys019-utt029.wav,3.859370443099177
sys012,utt012,wav/vmc2026-track3-sys012-utt012.wav,wav/vmc2026-track3-sys019-utt011.wav,4.003220837256088
sys013,utt234,wav/vmc2026-track3-sys013-utt234.wav,wav/vmc2026-track3-sys019-utt233.wav,4.16190504914136
sys011,utt076,wav/vmc2026-track3-sys011-utt076.wav,wav/vmc2026-track3-sys019-utt075.wav,3.989230724870308
sys017,utt080,wav/vmc2026-track3-sys017-utt080.wav,wav/vmc2026-track3-sys019-utt079.wav,3.752639636153522
sys001,utt080,wav/vmc2026-track3-sys001-utt080.wav,wav/vmc2026-track3-sys019-utt079.wav,3.9032708049728266
sys008,utt176,wav/vmc2026-track3-sys008-utt176.wav,wav/vmc2026-track3-sys019-utt175.wav,4.114375680734584
sys009,utt182,wav/vmc2026-track3-sys009-utt182.wav,wav/vmc2026-track3-sys019-utt181.wav,4.228840115143705
sys012,utt046,wav/vmc2026-track3-sys012-utt046.wav,wav/vmc2026-track3-sys019-utt045.wav,3.358915743919279
sys002,utt158,wav/vmc2026-track3-sys002-utt158.wav,wav/vmc2026-track3-sys019-utt157.wav,4.969657887646267
sys009,utt250,wav/vmc2026-track3-sys009-utt250.wav,wav/vmc2026-track3-sys019-utt249.wav,4.77639702877516
sys008,utt298,wav/vmc2026-track3-sys008-utt298.wav,wav/vmc2026-track3-sys019-utt297.wav,5.0
sys012,utt316,wav/vmc2026-track3-sys012-utt316.wav,wav/vmc2026-track3-sys019-utt315.wav,4.032782537146617
sys023,utt142,wav/vmc2026-track3-sys023-utt142.wav,wav/vmc2026-track3-sys019-utt141.wav,4.7813208335944255
sys023,utt312,wav/vmc2026-track3-sys023-utt312.wav,wav/vmc2026-track3-sys019-utt311.wav,4.229230485676492
sys017,utt300,wav/vmc2026-track3-sys017-utt300.wav,wav/vmc2026-track3-sys019-utt299.wav,3.9227889219450947
sys002,utt122,wav/vmc2026-track3-sys002-utt122.wav,wav/vmc2026-track3-sys019-utt121.wav,4.481879450122907
sys012,utt036,wav/vmc2026-track3-sys012-utt036.wav,wav/vmc2026-track3-sys019-utt035.wav,3.933402084627523
sys022,utt036,wav/vmc2026-track3-sys022-utt036.wav,wav/vmc2026-track3-sys019-utt035.wav,3.408516387287296
sys010,utt014,wav/vmc2026-track3-sys010-utt014.wav,wav/vmc2026-track3-sys019-utt013.wav,4.58068904918626
sys007,utt140,wav/vmc2026-track3-sys007-utt140.wav,wav/vmc2026-track3-sys019-utt139.wav,3.5681376746097055
sys001,utt304,wav/vmc2026-track3-sys001-utt304.wav,wav/vmc2026-track3-sys019-utt303.wav,4.259826021444453
sys005,utt160,wav/vmc2026-track3-sys005-utt160.wav,wav/vmc2026-track3-sys019-utt159.wav,3.830380784267529
sys014,utt030,wav/vmc2026-track3-sys014-utt030.wav,wav/vmc2026-track3-sys019-utt029.wav,4.014322762819408
sys022,utt066,wav/vmc2026-track3-sys022-utt066.wav,wav/vmc2026-track3-sys019-utt065.wav,3.6324410232927744
sys026,utt040,wav/vmc2026-track3-sys026-utt040.wav,wav/vmc2026-track3-sys019-utt039.wav,4.428278765297012
sys023,utt076,wav/vmc2026-track3-sys023-utt076.wav,wav/vmc2026-track3-sys019-utt075.wav,4.132155775265893
sys024,utt046,wav/vmc2026-track3-sys024-utt046.wav,wav/vmc2026-track3-sys019-utt045.wav,3.8425622355976077
sys016,utt194,wav/vmc2026-track3-sys016-utt194.wav,wav/vmc2026-track3-sys019-utt193.wav,3.6809701967265616
sys011,utt212,wav/vmc2026-track3-sys011-utt212.wav,wav/vmc2026-track3-sys019-utt211.wav,3.7961966449273574
sys009,utt030,wav/vmc2026-track3-sys009-utt030.wav,wav/vmc2026-track3-sys019-utt029.wav,4.6089462087998
sys002,utt088,wav/vmc2026-track3-sys002-utt088.wav,wav/vmc2026-track3-sys019-utt087.wav,4.284384934470549
sys013,utt006,wav/vmc2026-track3-sys013-utt006.wav,wav/vmc2026-track3-sys019-utt005.wav,4.148289820550049
sys013,utt034,wav/vmc2026-track3-sys013-utt034.wav,wav/vmc2026-track3-sys019-utt033.wav,3.9909714566121393
sys016,utt276,wav/vmc2026-track3-sys016-utt276.wav,wav/vmc2026-track3-sys019-utt275.wav,3.9725309514026828
sys001,utt018,wav/vmc2026-track3-sys001-utt018.wav,wav/vmc2026-track3-sys019-utt017.wav,3.759395106629584
sys005,utt184,wav/vmc2026-track3-sys005-utt184.wav,wav/vmc2026-track3-sys019-utt183.wav,3.5329998092967188
sys013,utt036,wav/vmc2026-track3-sys013-utt036.wav,wav/vmc2026-track3-sys019-utt035.wav,4.2119930593957315
sys026,utt282,wav/vmc2026-track3-sys026-utt282.wav,wav/vmc2026-track3-sys019-utt281.wav,4.406402975958793
sys018,utt300,wav/vmc2026-track3-sys018-utt300.wav,wav/vmc2026-track3-sys019-utt299.wav,3.7235279668592485
sys005,utt294,wav/vmc2026-track3-sys005-utt294.wav,wav/vmc2026-track3-sys019-utt293.wav,3.2593446536235104
sys012,utt078,wav/vmc2026-track3-sys012-utt078.wav,wav/vmc2026-track3-sys019-utt077.wav,3.7658455568453157
sys001,utt294,wav/vmc2026-track3-sys001-utt294.wav,wav/vmc2026-track3-sys019-utt293.wav,4.292486781416339
sys018,utt184,wav/vmc2026-track3-sys018-utt184.wav,wav/vmc2026-track3-sys019-utt183.wav,3.3460759072622555
sys014,utt282,wav/vmc2026-track3-sys014-utt282.wav,wav/vmc2026-track3-sys019-utt281.wav,4.765545573814608
sys014,utt218,wav/vmc2026-track3-sys014-utt218.wav,wav/vmc2026-track3-sys019-utt217.wav,4.47104256488831
sys017,utt086,wav/vmc2026-track3-sys017-utt086.wav,wav/vmc2026-track3-sys019-utt085.wav,3.7316735545552446
sys014,utt132,wav/vmc2026-track3-sys014-utt132.wav,wav/vmc2026-track3-sys019-utt131.wav,4.0636973587821785
sys011,utt002,wav/vmc2026-track3-sys011-utt002.wav,wav/vmc2026-track3-sys019-utt001.wav,4.177459144196708
sys012,utt010,wav/vmc2026-track3-sys012-utt010.wav,wav/vmc2026-track3-sys019-utt009.wav,4.242169502767326
sys010,utt120,wav/vmc2026-track3-sys010-utt120.wav,wav/vmc2026-track3-sys019-utt119.wav,4.1822612745068515
sys013,utt278,wav/vmc2026-track3-sys013-utt278.wav,wav/vmc2026-track3-sys019-utt277.wav,4.0579900585478175
sys022,utt194,wav/vmc2026-track3-sys022-utt194.wav,wav/vmc2026-track3-sys019-utt193.wav,4.007963637422938
sys025,utt310,wav/vmc2026-track3-sys025-utt310.wav,wav/vmc2026-track3-sys019-utt309.wav,4.157167410361705
sys014,utt104,wav/vmc2026-track3-sys014-utt104.wav,wav/vmc2026-track3-sys019-utt103.wav,4.546519568220034
sys007,utt028,wav/vmc2026-track3-sys007-utt028.wav,wav/vmc2026-track3-sys019-utt027.wav,4.033902459726815
sys011,utt150,wav/vmc2026-track3-sys011-utt150.wav,wav/vmc2026-track3-sys019-utt149.wav,4.516185764898696
sys010,utt192,wav/vmc2026-track3-sys010-utt192.wav,wav/vmc2026-track3-sys019-utt191.wav,4.010777573570399
sys006,utt084,wav/vmc2026-track3-sys006-utt084.wav,wav/vmc2026-track3-sys019-utt083.wav,4.546525896973991
sys017,utt130,wav/vmc2026-track3-sys017-utt130.wav,wav/vmc2026-track3-sys019-utt129.wav,4.136902508671675
sys009,utt106,wav/vmc2026-track3-sys009-utt106.wav,wav/vmc2026-track3-sys019-utt105.wav,5.0
sys010,utt128,wav/vmc2026-track3-sys010-utt128.wav,wav/vmc2026-track3-sys019-utt127.wav,3.7610700155672796
sys007,utt026,wav/vmc2026-track3-sys007-utt026.wav,wav/vmc2026-track3-sys019-utt025.wav,3.725693748333078
sys005,utt046,wav/vmc2026-track3-sys005-utt046.wav,wav/vmc2026-track3-sys019-utt045.wav,3.474650649143169
sys002,utt126,wav/vmc2026-track3-sys002-utt126.wav,wav/vmc2026-track3-sys019-utt125.wav,4.806735468293995
sys026,utt042,wav/vmc2026-track3-sys026-utt042.wav,wav/vmc2026-track3-sys019-utt041.wav,4.031612927833263
sys009,utt292,wav/vmc2026-track3-sys009-utt292.wav,wav/vmc2026-track3-sys019-utt291.wav,5.0
sys020,utt212,wav/vmc2026-track3-sys020-utt212.wav,wav/vmc2026-track3-sys019-utt211.wav,3.1888132897506107
sys009,utt034,wav/vmc2026-track3-sys009-utt034.wav,wav/vmc2026-track3-sys019-utt033.wav,4.1514474814278115
sys008,utt068,wav/vmc2026-track3-sys008-utt068.wav,wav/vmc2026-track3-sys019-utt067.wav,4.624390813313554
sys008,utt112,wav/vmc2026-track3-sys008-utt112.wav,wav/vmc2026-track3-sys019-utt111.wav,4.1269178496915675
sys008,utt062,wav/vmc2026-track3-sys008-utt062.wav,wav/vmc2026-track3-sys019-utt061.wav,4.590295248721304
sys005,utt244,wav/vmc2026-track3-sys005-utt244.wav,wav/vmc2026-track3-sys019-utt243.wav,3.559488435883093
sys013,utt044,wav/vmc2026-track3-sys013-utt044.wav,wav/vmc2026-track3-sys019-utt043.wav,4.0291236986710395
sys007,utt286,wav/vmc2026-track3-sys007-utt286.wav,wav/vmc2026-track3-sys019-utt285.wav,4.0242935095272125
sys005,utt276,wav/vmc2026-track3-sys005-utt276.wav,wav/vmc2026-track3-sys019-utt275.wav,3.469876559848215
sys006,utt276,wav/vmc2026-track3-sys006-utt276.wav,wav/vmc2026-track3-sys019-utt275.wav,4.861281387506019
sys018,utt316,wav/vmc2026-track3-sys018-utt316.wav,wav/vmc2026-track3-sys019-utt315.wav,3.578667124039353
sys009,utt108,wav/vmc2026-track3-sys009-utt108.wav,wav/vmc2026-track3-sys019-utt107.wav,4.621820726687573
sys009,utt218,wav/vmc2026-track3-sys009-utt218.wav,wav/vmc2026-track3-sys019-utt217.wav,4.751484078467807
sys018,utt232,wav/vmc2026-track3-sys018-utt232.wav,wav/vmc2026-track3-sys019-utt231.wav,2.887766122927826
sys018,utt282,wav/vmc2026-track3-sys018-utt282.wav,wav/vmc2026-track3-sys019-utt281.wav,3.842632364365716
sys025,utt152,wav/vmc2026-track3-sys025-utt152.wav,wav/vmc2026-track3-sys019-utt151.wav,4.0602144671213924
sys006,utt010,wav/vmc2026-track3-sys006-utt010.wav,wav/vmc2026-track3-sys019-utt009.wav,4.142345688256506
sys024,utt016,wav/vmc2026-track3-sys024-utt016.wav,wav/vmc2026-track3-sys019-utt015.wav,4.470438210003112
sys009,utt064,wav/vmc2026-track3-sys009-utt064.wav,wav/vmc2026-track3-sys019-utt063.wav,4.815547853723199
sys020,utt020,wav/vmc2026-track3-sys020-utt020.wav,wav/vmc2026-track3-sys019-utt019.wav,2.96766326241334
sys025,utt284,wav/vmc2026-track3-sys025-utt284.wav,wav/vmc2026-track3-sys019-utt283.wav,3.625255854685683
sys016,utt238,wav/vmc2026-track3-sys016-utt238.wav,wav/vmc2026-track3-sys019-utt237.wav,3.231333533195714
sys023,utt200,wav/vmc2026-track3-sys023-utt200.wav,wav/vmc2026-track3-sys019-utt199.wav,4.586729870493352
sys024,utt116,wav/vmc2026-track3-sys024-utt116.wav,wav/vmc2026-track3-sys019-utt115.wav,3.5320454964382337
sys025,utt272,wav/vmc2026-track3-sys025-utt272.wav,wav/vmc2026-track3-sys019-utt271.wav,3.7487631130216528
sys001,utt242,wav/vmc2026-track3-sys001-utt242.wav,wav/vmc2026-track3-sys019-utt241.wav,4.341634946652823
sys020,utt220,wav/vmc2026-track3-sys020-utt220.wav,wav/vmc2026-track3-sys019-utt219.wav,3.2682298547453805
sys011,utt138,wav/vmc2026-track3-sys011-utt138.wav,wav/vmc2026-track3-sys019-utt137.wav,4.245555394496428
sys018,utt276,wav/vmc2026-track3-sys018-utt276.wav,wav/vmc2026-track3-sys019-utt275.wav,4.079861805417372
sys014,utt234,wav/vmc2026-track3-sys014-utt234.wav,wav/vmc2026-track3-sys019-utt233.wav,4.412474846269573
sys018,utt158,wav/vmc2026-track3-sys018-utt158.wav,wav/vmc2026-track3-sys019-utt157.wav,3.6148976411505735
sys012,utt204,wav/vmc2026-track3-sys012-utt204.wav,wav/vmc2026-track3-sys019-utt203.wav,3.8281791090294384
sys014,utt264,wav/vmc2026-track3-sys014-utt264.wav,wav/vmc2026-track3-sys019-utt263.wav,4.391814562869644
sys007,utt124,wav/vmc2026-track3-sys007-utt124.wav,wav/vmc2026-track3-sys019-utt123.wav,3.8952424844711184
sys007,utt160,wav/vmc2026-track3-sys007-utt160.wav,wav/vmc2026-track3-sys019-utt159.wav,4.249899651275038
sys024,utt152,wav/vmc2026-track3-sys024-utt152.wav,wav/vmc2026-track3-sys019-utt151.wav,4.5412166185815925
sys025,utt064,wav/vmc2026-track3-sys025-utt064.wav,wav/vmc2026-track3-sys019-utt063.wav,3.788116965356944
sys024,utt080,wav/vmc2026-track3-sys024-utt080.wav,wav/vmc2026-track3-sys019-utt079.wav,3.657257765395702
sys018,utt208,wav/vmc2026-track3-sys018-utt208.wav,wav/vmc2026-track3-sys019-utt207.wav,3.961776175747061
sys026,utt250,wav/vmc2026-track3-sys026-utt250.wav,wav/vmc2026-track3-sys019-utt249.wav,3.834721432986231
sys014,utt022,wav/vmc2026-track3-sys014-utt022.wav,wav/vmc2026-track3-sys019-utt021.wav,4.058551638257529
sys001,utt122,wav/vmc2026-track3-sys001-utt122.wav,wav/vmc2026-track3-sys019-utt121.wav,4.156015825637529
sys012,utt112,wav/vmc2026-track3-sys012-utt112.wav,wav/vmc2026-track3-sys019-utt111.wav,3.1835753665121285
sys013,utt246,wav/vmc2026-track3-sys013-utt246.wav,wav/vmc2026-track3-sys019-utt245.wav,4.263631483677878
sys016,utt198,wav/vmc2026-track3-sys016-utt198.wav,wav/vmc2026-track3-sys019-utt197.wav,3.7104747220843564
sys006,utt316,wav/vmc2026-track3-sys006-utt316.wav,wav/vmc2026-track3-sys019-utt315.wav,4.396312757952905
sys017,utt302,wav/vmc2026-track3-sys017-utt302.wav,wav/vmc2026-track3-sys019-utt301.wav,3.9720494688598245
sys007,utt016,wav/vmc2026-track3-sys007-utt016.wav,wav/vmc2026-track3-sys019-utt015.wav,4.015915745071304
sys001,utt158,wav/vmc2026-track3-sys001-utt158.wav,wav/vmc2026-track3-sys019-utt157.wav,3.9454591827773453
sys024,utt070,wav/vmc2026-track3-sys024-utt070.wav,wav/vmc2026-track3-sys019-utt069.wav,4.015827529259462
sys002,utt238,wav/vmc2026-track3-sys002-utt238.wav,wav/vmc2026-track3-sys019-utt237.wav,4.60380461345684
sys005,utt304,wav/vmc2026-track3-sys005-utt304.wav,wav/vmc2026-track3-sys019-utt303.wav,3.889203558909864
sys023,utt090,wav/vmc2026-track3-sys023-utt090.wav,wav/vmc2026-track3-sys019-utt089.wav,4.434660153158943
sys007,utt048,wav/vmc2026-track3-sys007-utt048.wav,wav/vmc2026-track3-sys019-utt047.wav,3.58538267055442
sys022,utt294,wav/vmc2026-track3-sys022-utt294.wav,wav/vmc2026-track3-sys019-utt293.wav,4.477702279478802
sys026,utt230,wav/vmc2026-track3-sys026-utt230.wav,wav/vmc2026-track3-sys019-utt229.wav,4.076669762155268
sys024,utt248,wav/vmc2026-track3-sys024-utt248.wav,wav/vmc2026-track3-sys019-utt247.wav,4.188869309808183
sys006,utt218,wav/vmc2026-track3-sys006-utt218.wav,wav/vmc2026-track3-sys019-utt217.wav,4.189821059796942
sys006,utt234,wav/vmc2026-track3-sys006-utt234.wav,wav/vmc2026-track3-sys019-utt233.wav,4.299078973611294
sys011,utt146,wav/vmc2026-track3-sys011-utt146.wav,wav/vmc2026-track3-sys019-utt145.wav,3.9931616316811276
sys016,utt084,wav/vmc2026-track3-sys016-utt084.wav,wav/vmc2026-track3-sys019-utt083.wav,3.3924196714699253
sys014,utt318,wav/vmc2026-track3-sys014-utt318.wav,wav/vmc2026-track3-sys019-utt317.wav,4.782147376621799
sys018,utt142,wav/vmc2026-track3-sys018-utt142.wav,wav/vmc2026-track3-sys019-utt141.wav,3.7720303617418125
sys014,utt298,wav/vmc2026-track3-sys014-utt298.wav,wav/vmc2026-track3-sys019-utt297.wav,4.739484939695498
sys017,utt176,wav/vmc2026-track3-sys017-utt176.wav,wav/vmc2026-track3-sys019-utt175.wav,3.734882625792055
sys002,utt264,wav/vmc2026-track3-sys002-utt264.wav,wav/vmc2026-track3-sys019-utt263.wav,4.380019444769592
sys026,utt106,wav/vmc2026-track3-sys026-utt106.wav,wav/vmc2026-track3-sys019-utt105.wav,3.708974567014394
sys018,utt236,wav/vmc2026-track3-sys018-utt236.wav,wav/vmc2026-track3-sys019-utt235.wav,4.085874122221351
sys013,utt204,wav/vmc2026-track3-sys013-utt204.wav,wav/vmc2026-track3-sys019-utt203.wav,3.509263879348832
sys016,utt318,wav/vmc2026-track3-sys016-utt318.wav,wav/vmc2026-track3-sys019-utt317.wav,3.618411458269609
sys008,utt042,wav/vmc2026-track3-sys008-utt042.wav,wav/vmc2026-track3-sys019-utt041.wav,4.846455778300538
sys008,utt282,wav/vmc2026-track3-sys008-utt282.wav,wav/vmc2026-track3-sys019-utt281.wav,5.0
sys012,utt108,wav/vmc2026-track3-sys012-utt108.wav,wav/vmc2026-track3-sys019-utt107.wav,4.217360440587848
sys001,utt314,wav/vmc2026-track3-sys001-utt314.wav,wav/vmc2026-track3-sys019-utt313.wav,3.8685228944022514
sys018,utt050,wav/vmc2026-track3-sys018-utt050.wav,wav/vmc2026-track3-sys019-utt049.wav,3.91592991977584
sys017,utt146,wav/vmc2026-track3-sys017-utt146.wav,wav/vmc2026-track3-sys019-utt145.wav,3.582987432094206
sys012,utt120,wav/vmc2026-track3-sys012-utt120.wav,wav/vmc2026-track3-sys019-utt119.wav,3.8568333644446247
sys008,utt124,wav/vmc2026-track3-sys008-utt124.wav,wav/vmc2026-track3-sys019-utt123.wav,4.495502616648004
sys007,utt182,wav/vmc2026-track3-sys007-utt182.wav,wav/vmc2026-track3-sys019-utt181.wav,3.4473119734330244
sys008,utt046,wav/vmc2026-track3-sys008-utt046.wav,wav/vmc2026-track3-sys019-utt045.wav,4.7973413821889155
sys001,utt142,wav/vmc2026-track3-sys001-utt142.wav,wav/vmc2026-track3-sys019-utt141.wav,4.031000572185584
sys026,utt016,wav/vmc2026-track3-sys026-utt016.wav,wav/vmc2026-track3-sys019-utt015.wav,4.278264549306217
sys014,utt270,wav/vmc2026-track3-sys014-utt270.wav,wav/vmc2026-track3-sys019-utt269.wav,4.490017527438835
sys016,utt200,wav/vmc2026-track3-sys016-utt200.wav,wav/vmc2026-track3-sys019-utt199.wav,4.010370217665562
sys012,utt300,wav/vmc2026-track3-sys012-utt300.wav,wav/vmc2026-track3-sys019-utt299.wav,4.36842921205684
sys022,utt040,wav/vmc2026-track3-sys022-utt040.wav,wav/vmc2026-track3-sys019-utt039.wav,3.8218420437275835
sys026,utt036,wav/vmc2026-track3-sys026-utt036.wav,wav/vmc2026-track3-sys019-utt035.wav,4.1948388135384524
sys010,utt024,wav/vmc2026-track3-sys010-utt024.wav,wav/vmc2026-track3-sys019-utt023.wav,3.437731305242832
sys012,utt040,wav/vmc2026-track3-sys012-utt040.wav,wav/vmc2026-track3-sys019-utt039.wav,3.7019468736153867
sys009,utt006,wav/vmc2026-track3-sys009-utt006.wav,wav/vmc2026-track3-sys019-utt005.wav,4.481961516805301
sys005,utt114,wav/vmc2026-track3-sys005-utt114.wav,wav/vmc2026-track3-sys019-utt113.wav,3.1255094386122018
sys020,utt142,wav/vmc2026-track3-sys020-utt142.wav,wav/vmc2026-track3-sys019-utt141.wav,3.4281418272713227
sys025,utt120,wav/vmc2026-track3-sys025-utt120.wav,wav/vmc2026-track3-sys019-utt119.wav,3.6468903700134785
sys016,utt110,wav/vmc2026-track3-sys016-utt110.wav,wav/vmc2026-track3-sys019-utt109.wav,3.260427125211528
sys009,utt138,wav/vmc2026-track3-sys009-utt138.wav,wav/vmc2026-track3-sys019-utt137.wav,4.483355857100663
sys002,utt250,wav/vmc2026-track3-sys002-utt250.wav,wav/vmc2026-track3-sys019-utt249.wav,4.556889245396371
sys020,utt136,wav/vmc2026-track3-sys020-utt136.wav,wav/vmc2026-track3-sys019-utt135.wav,3.2352968585011905
sys002,utt202,wav/vmc2026-track3-sys002-utt202.wav,wav/vmc2026-track3-sys019-utt201.wav,4.4034418327964655
sys008,utt120,wav/vmc2026-track3-sys008-utt120.wav,wav/vmc2026-track3-sys019-utt119.wav,4.511324038015586
sys024,utt174,wav/vmc2026-track3-sys024-utt174.wav,wav/vmc2026-track3-sys019-utt173.wav,4.101182921166859
sys002,utt006,wav/vmc2026-track3-sys002-utt006.wav,wav/vmc2026-track3-sys019-utt005.wav,4.849156718027658
sys002,utt008,wav/vmc2026-track3-sys002-utt008.wav,wav/vmc2026-track3-sys019-utt007.wav,4.6238110833754265
sys012,utt294,wav/vmc2026-track3-sys012-utt294.wav,wav/vmc2026-track3-sys019-utt293.wav,4.42402533859361
sys001,utt106,wav/vmc2026-track3-sys001-utt106.wav,wav/vmc2026-track3-sys019-utt105.wav,3.1099706644563545
sys020,utt010,wav/vmc2026-track3-sys020-utt010.wav,wav/vmc2026-track3-sys019-utt009.wav,3.4999729554813808
sys018,utt284,wav/vmc2026-track3-sys018-utt284.wav,wav/vmc2026-track3-sys019-utt283.wav,2.7765695469913196
sys018,utt196,wav/vmc2026-track3-sys018-utt196.wav,wav/vmc2026-track3-sys019-utt195.wav,4.239658015264552
sys018,utt048,wav/vmc2026-track3-sys018-utt048.wav,wav/vmc2026-track3-sys019-utt047.wav,3.7843739817009396
sys024,utt140,wav/vmc2026-track3-sys024-utt140.wav,wav/vmc2026-track3-sys019-utt139.wav,3.8294040703961416
sys001,utt250,wav/vmc2026-track3-sys001-utt250.wav,wav/vmc2026-track3-sys019-utt249.wav,4.355415074912633
sys013,utt084,wav/vmc2026-track3-sys013-utt084.wav,wav/vmc2026-track3-sys019-utt083.wav,3.5235461653588525
sys020,utt118,wav/vmc2026-track3-sys020-utt118.wav,wav/vmc2026-track3-sys019-utt117.wav,3.4409093615946866
sys005,utt050,wav/vmc2026-track3-sys005-utt050.wav,wav/vmc2026-track3-sys019-utt049.wav,3.480403522854853
sys025,utt028,wav/vmc2026-track3-sys025-utt028.wav,wav/vmc2026-track3-sys019-utt027.wav,4.185993169687799
sys022,utt310,wav/vmc2026-track3-sys022-utt310.wav,wav/vmc2026-track3-sys019-utt309.wav,3.5817790699365673
sys025,utt090,wav/vmc2026-track3-sys025-utt090.wav,wav/vmc2026-track3-sys019-utt089.wav,3.518801400666451
sys023,utt024,wav/vmc2026-track3-sys023-utt024.wav,wav/vmc2026-track3-sys019-utt023.wav,4.415941933585877
sys009,utt272,wav/vmc2026-track3-sys009-utt272.wav,wav/vmc2026-track3-sys019-utt271.wav,4.744608337492762
sys005,utt024,wav/vmc2026-track3-sys005-utt024.wav,wav/vmc2026-track3-sys019-utt023.wav,3.888229969634459
sys023,utt146,wav/vmc2026-track3-sys023-utt146.wav,wav/vmc2026-track3-sys019-utt145.wav,4.2688377700736035
sys016,utt316,wav/vmc2026-track3-sys016-utt316.wav,wav/vmc2026-track3-sys019-utt315.wav,3.3770998035409887
sys025,utt106,wav/vmc2026-track3-sys025-utt106.wav,wav/vmc2026-track3-sys019-utt105.wav,3.4916032448984513
sys026,utt154,wav/vmc2026-track3-sys026-utt154.wav,wav/vmc2026-track3-sys019-utt153.wav,4.522362891698879
sys007,utt208,wav/vmc2026-track3-sys007-utt208.wav,wav/vmc2026-track3-sys019-utt207.wav,3.523952257013121
sys022,utt280,wav/vmc2026-track3-sys022-utt280.wav,wav/vmc2026-track3-sys019-utt279.wav,4.704998913534479
sys020,utt200,wav/vmc2026-track3-sys020-utt200.wav,wav/vmc2026-track3-sys019-utt199.wav,3.6524204776455726
sys026,utt226,wav/vmc2026-track3-sys026-utt226.wav,wav/vmc2026-track3-sys019-utt225.wav,3.948744824131249
sys020,utt234,wav/vmc2026-track3-sys020-utt234.wav,wav/vmc2026-track3-sys019-utt233.wav,3.3217001434054083
sys022,utt126,wav/vmc2026-track3-sys022-utt126.wav,wav/vmc2026-track3-sys019-utt125.wav,4.209062941052081
sys009,utt112,wav/vmc2026-track3-sys009-utt112.wav,wav/vmc2026-track3-sys019-utt111.wav,3.9682278821904884
sys006,utt126,wav/vmc2026-track3-sys006-utt126.wav,wav/vmc2026-track3-sys019-utt125.wav,4.697609241469623
sys012,utt156,wav/vmc2026-track3-sys012-utt156.wav,wav/vmc2026-track3-sys019-utt155.wav,3.9558711606671175
sys018,utt174,wav/vmc2026-track3-sys018-utt174.wav,wav/vmc2026-track3-sys019-utt173.wav,2.5155249999070346
sys009,utt126,wav/vmc2026-track3-sys009-utt126.wav,wav/vmc2026-track3-sys019-utt125.wav,4.641337083164537
sys012,utt214,wav/vmc2026-track3-sys012-utt214.wav,wav/vmc2026-track3-sys019-utt213.wav,3.7586800796737387
sys018,utt068,wav/vmc2026-track3-sys018-utt068.wav,wav/vmc2026-track3-sys019-utt067.wav,3.713073290094541
sys007,utt114,wav/vmc2026-track3-sys007-utt114.wav,wav/vmc2026-track3-sys019-utt113.wav,3.83310227557681
sys011,utt194,wav/vmc2026-track3-sys011-utt194.wav,wav/vmc2026-track3-sys019-utt193.wav,4.307174067305903
sys009,utt242,wav/vmc2026-track3-sys009-utt242.wav,wav/vmc2026-track3-sys019-utt241.wav,4.753374843790115
sys006,utt018,wav/vmc2026-track3-sys006-utt018.wav,wav/vmc2026-track3-sys019-utt017.wav,4.4660669998282385
sys011,utt048,wav/vmc2026-track3-sys011-utt048.wav,wav/vmc2026-track3-sys019-utt047.wav,4.639444606262126
sys012,utt206,wav/vmc2026-track3-sys012-utt206.wav,wav/vmc2026-track3-sys019-utt205.wav,3.9834804677135223
sys016,utt156,wav/vmc2026-track3-sys016-utt156.wav,wav/vmc2026-track3-sys019-utt155.wav,4.1720049520421165
sys018,utt228,wav/vmc2026-track3-sys018-utt228.wav,wav/vmc2026-track3-sys019-utt227.wav,3.632031167951112
sys002,utt292,wav/vmc2026-track3-sys002-utt292.wav,wav/vmc2026-track3-sys019-utt291.wav,4.583221685092844
sys024,utt084,wav/vmc2026-track3-sys024-utt084.wav,wav/vmc2026-track3-sys019-utt083.wav,3.860341161537184
sys002,utt272,wav/vmc2026-track3-sys002-utt272.wav,wav/vmc2026-track3-sys019-utt271.wav,4.92322438619958
sys001,utt112,wav/vmc2026-track3-sys001-utt112.wav,wav/vmc2026-track3-sys019-utt111.wav,3.604790911718631
sys023,utt008,wav/vmc2026-track3-sys023-utt008.wav,wav/vmc2026-track3-sys019-utt007.wav,4.232001256642187
sys023,utt264,wav/vmc2026-track3-sys023-utt264.wav,wav/vmc2026-track3-sys019-utt263.wav,4.206230287076839
sys006,utt082,wav/vmc2026-track3-sys006-utt082.wav,wav/vmc2026-track3-sys019-utt081.wav,4.159305098791389
sys017,utt298,wav/vmc2026-track3-sys017-utt298.wav,wav/vmc2026-track3-sys019-utt297.wav,3.939335294870625
sys005,utt126,wav/vmc2026-track3-sys005-utt126.wav,wav/vmc2026-track3-sys019-utt125.wav,3.4374750823409514
sys016,utt012,wav/vmc2026-track3-sys016-utt012.wav,wav/vmc2026-track3-sys019-utt011.wav,3.702730224510936
sys024,utt044,wav/vmc2026-track3-sys024-utt044.wav,wav/vmc2026-track3-sys019-utt043.wav,4.012206869930895
sys014,utt038,wav/vmc2026-track3-sys014-utt038.wav,wav/vmc2026-track3-sys019-utt037.wav,4.404451814762531
sys010,utt102,wav/vmc2026-track3-sys010-utt102.wav,wav/vmc2026-track3-sys019-utt101.wav,3.808034143169132
sys010,utt048,wav/vmc2026-track3-sys010-utt048.wav,wav/vmc2026-track3-sys019-utt047.wav,3.7653840284327322
sys012,utt074,wav/vmc2026-track3-sys012-utt074.wav,wav/vmc2026-track3-sys019-utt073.wav,3.7995238923610923
sys011,utt086,wav/vmc2026-track3-sys011-utt086.wav,wav/vmc2026-track3-sys019-utt085.wav,4.202253347526471
sys024,utt288,wav/vmc2026-track3-sys024-utt288.wav,wav/vmc2026-track3-sys019-utt287.wav,4.112455698507076
sys010,utt296,wav/vmc2026-track3-sys010-utt296.wav,wav/vmc2026-track3-sys019-utt295.wav,4.168532233188094
sys009,utt086,wav/vmc2026-track3-sys009-utt086.wav,wav/vmc2026-track3-sys019-utt085.wav,4.84057525969409
sys026,utt290,wav/vmc2026-track3-sys026-utt290.wav,wav/vmc2026-track3-sys019-utt289.wav,4.318378766266288
sys011,utt286,wav/vmc2026-track3-sys011-utt286.wav,wav/vmc2026-track3-sys019-utt285.wav,4.260438446142118
sys013,utt102,wav/vmc2026-track3-sys013-utt102.wav,wav/vmc2026-track3-sys019-utt101.wav,4.06710860568646
sys017,utt304,wav/vmc2026-track3-sys017-utt304.wav,wav/vmc2026-track3-sys019-utt303.wav,3.5306399164763045
sys001,utt224,wav/vmc2026-track3-sys001-utt224.wav,wav/vmc2026-track3-sys019-utt223.wav,3.9141194395308743
sys006,utt268,wav/vmc2026-track3-sys006-utt268.wav,wav/vmc2026-track3-sys019-utt267.wav,4.414205894280629
sys026,utt068,wav/vmc2026-track3-sys026-utt068.wav,wav/vmc2026-track3-sys019-utt067.wav,3.7820235286186445
sys008,utt010,wav/vmc2026-track3-sys008-utt010.wav,wav/vmc2026-track3-sys019-utt009.wav,5.0
sys024,utt158,wav/vmc2026-track3-sys024-utt158.wav,wav/vmc2026-track3-sys019-utt157.wav,4.369903506713369
sys012,utt196,wav/vmc2026-track3-sys012-utt196.wav,wav/vmc2026-track3-sys019-utt195.wav,3.6559802364376455
sys017,utt088,wav/vmc2026-track3-sys017-utt088.wav,wav/vmc2026-track3-sys019-utt087.wav,4.244743047076421
sys024,utt230,wav/vmc2026-track3-sys024-utt230.wav,wav/vmc2026-track3-sys019-utt229.wav,4.434571840936682
sys026,utt144,wav/vmc2026-track3-sys026-utt144.wav,wav/vmc2026-track3-sys019-utt143.wav,3.424107349506972
sys018,utt138,wav/vmc2026-track3-sys018-utt138.wav,wav/vmc2026-track3-sys019-utt137.wav,3.338624406094734
sys024,utt300,wav/vmc2026-track3-sys024-utt300.wav,wav/vmc2026-track3-sys019-utt299.wav,4.119791378126407
sys007,utt234,wav/vmc2026-track3-sys007-utt234.wav,wav/vmc2026-track3-sys019-utt233.wav,4.100269348202734
sys024,utt038,wav/vmc2026-track3-sys024-utt038.wav,wav/vmc2026-track3-sys019-utt037.wav,3.794273403157505
sys011,utt186,wav/vmc2026-track3-sys011-utt186.wav,wav/vmc2026-track3-sys019-utt185.wav,4.520123949300994
sys008,utt074,wav/vmc2026-track3-sys008-utt074.wav,wav/vmc2026-track3-sys019-utt073.wav,4.563117973811325
sys012,utt152,wav/vmc2026-track3-sys012-utt152.wav,wav/vmc2026-track3-sys019-utt151.wav,4.007084508429937
sys022,utt150,wav/vmc2026-track3-sys022-utt150.wav,wav/vmc2026-track3-sys019-utt149.wav,3.5833733244930417
sys006,utt110,wav/vmc2026-track3-sys006-utt110.wav,wav/vmc2026-track3-sys019-utt109.wav,4.568746104916502
sys020,utt032,wav/vmc2026-track3-sys020-utt032.wav,wav/vmc2026-track3-sys019-utt031.wav,3.077878322459351
sys024,utt172,wav/vmc2026-track3-sys024-utt172.wav,wav/vmc2026-track3-sys019-utt171.wav,3.9945699279942013
sys023,utt194,wav/vmc2026-track3-sys023-utt194.wav,wav/vmc2026-track3-sys019-utt193.wav,4.354425716788939
sys022,utt120,wav/vmc2026-track3-sys022-utt120.wav,wav/vmc2026-track3-sys019-utt119.wav,2.8590207240726935
sys011,utt196,wav/vmc2026-track3-sys011-utt196.wav,wav/vmc2026-track3-sys019-utt195.wav,4.462887290368781
sys011,utt288,wav/vmc2026-track3-sys011-utt288.wav,wav/vmc2026-track3-sys019-utt287.wav,4.169309288680646
sys013,utt302,wav/vmc2026-track3-sys013-utt302.wav,wav/vmc2026-track3-sys019-utt301.wav,4.401843299475555
sys016,utt182,wav/vmc2026-track3-sys016-utt182.wav,wav/vmc2026-track3-sys019-utt181.wav,3.888757430206996
sys018,utt014,wav/vmc2026-track3-sys018-utt014.wav,wav/vmc2026-track3-sys019-utt013.wav,2.4924909210860235
sys016,utt020,wav/vmc2026-track3-sys016-utt020.wav,wav/vmc2026-track3-sys019-utt019.wav,3.7939626825857244
sys013,utt042,wav/vmc2026-track3-sys013-utt042.wav,wav/vmc2026-track3-sys019-utt041.wav,4.073516329017432
sys017,utt120,wav/vmc2026-track3-sys017-utt120.wav,wav/vmc2026-track3-sys019-utt119.wav,3.394103028544063
sys013,utt274,wav/vmc2026-track3-sys013-utt274.wav,wav/vmc2026-track3-sys019-utt273.wav,4.6316605578008785
sys007,utt090,wav/vmc2026-track3-sys007-utt090.wav,wav/vmc2026-track3-sys019-utt089.wav,3.475088999619204
sys023,utt192,wav/vmc2026-track3-sys023-utt192.wav,wav/vmc2026-track3-sys019-utt191.wav,4.364412708971812
sys012,utt064,wav/vmc2026-track3-sys012-utt064.wav,wav/vmc2026-track3-sys019-utt063.wav,4.306143042573557
sys007,utt070,wav/vmc2026-track3-sys007-utt070.wav,wav/vmc2026-track3-sys019-utt069.wav,3.8458845989798847
sys023,utt180,wav/vmc2026-track3-sys023-utt180.wav,wav/vmc2026-track3-sys019-utt179.wav,4.016244717333262
sys013,utt104,wav/vmc2026-track3-sys013-utt104.wav,wav/vmc2026-track3-sys019-utt103.wav,4.138460991664818
sys002,utt284,wav/vmc2026-track3-sys002-utt284.wav,wav/vmc2026-track3-sys019-utt283.wav,4.719197585694493
sys006,utt130,wav/vmc2026-track3-sys006-utt130.wav,wav/vmc2026-track3-sys019-utt129.wav,4.704156261467414
sys001,utt144,wav/vmc2026-track3-sys001-utt144.wav,wav/vmc2026-track3-sys019-utt143.wav,3.483454760855137
sys007,utt304,wav/vmc2026-track3-sys007-utt304.wav,wav/vmc2026-track3-sys019-utt303.wav,3.7078810294881634
sys013,utt186,wav/vmc2026-track3-sys013-utt186.wav,wav/vmc2026-track3-sys019-utt185.wav,3.587693224284956
sys023,utt072,wav/vmc2026-track3-sys023-utt072.wav,wav/vmc2026-track3-sys019-utt071.wav,2.3316799344423083
sys025,utt076,wav/vmc2026-track3-sys025-utt076.wav,wav/vmc2026-track3-sys019-utt075.wav,3.7578757782960306
sys011,utt158,wav/vmc2026-track3-sys011-utt158.wav,wav/vmc2026-track3-sys019-utt157.wav,4.293813905378349
sys014,utt128,wav/vmc2026-track3-sys014-utt128.wav,wav/vmc2026-track3-sys019-utt127.wav,4.380129916330318
sys005,utt028,wav/vmc2026-track3-sys005-utt028.wav,wav/vmc2026-track3-sys019-utt027.wav,3.3523272104755804
sys017,utt078,wav/vmc2026-track3-sys017-utt078.wav,wav/vmc2026-track3-sys019-utt077.wav,3.859705541997931
sys010,utt208,wav/vmc2026-track3-sys010-utt208.wav,wav/vmc2026-track3-sys019-utt207.wav,3.9539788963077123
sys022,utt034,wav/vmc2026-track3-sys022-utt034.wav,wav/vmc2026-track3-sys019-utt033.wav,3.7717476819467533
sys011,utt210,wav/vmc2026-track3-sys011-utt210.wav,wav/vmc2026-track3-sys019-utt209.wav,4.243767947651392
sys002,utt276,wav/vmc2026-track3-sys002-utt276.wav,wav/vmc2026-track3-sys019-utt275.wav,4.6404783543257535
sys010,utt234,wav/vmc2026-track3-sys010-utt234.wav,wav/vmc2026-track3-sys019-utt233.wav,4.043123716337068
sys026,utt044,wav/vmc2026-track3-sys026-utt044.wav,wav/vmc2026-track3-sys019-utt043.wav,4.1101229315866314
sys006,utt294,wav/vmc2026-track3-sys006-utt294.wav,wav/vmc2026-track3-sys019-utt293.wav,4.854834988178941
sys022,utt246,wav/vmc2026-track3-sys022-utt246.wav,wav/vmc2026-track3-sys019-utt245.wav,4.298035008423565
sys017,utt024,wav/vmc2026-track3-sys017-utt024.wav,wav/vmc2026-track3-sys019-utt023.wav,3.87404771993804
sys025,utt144,wav/vmc2026-track3-sys025-utt144.wav,wav/vmc2026-track3-sys019-utt143.wav,3.1892061546292805
sys010,utt288,wav/vmc2026-track3-sys010-utt288.wav,wav/vmc2026-track3-sys019-utt287.wav,4.338170431085211
sys005,utt038,wav/vmc2026-track3-sys005-utt038.wav,wav/vmc2026-track3-sys019-utt037.wav,3.5769985342646473
sys012,utt142,wav/vmc2026-track3-sys012-utt142.wav,wav/vmc2026-track3-sys019-utt141.wav,3.6008184179927376
sys006,utt016,wav/vmc2026-track3-sys006-utt016.wav,wav/vmc2026-track3-sys019-utt015.wav,4.682272938143718
sys013,utt174,wav/vmc2026-track3-sys013-utt174.wav,wav/vmc2026-track3-sys019-utt173.wav,3.755365585905687
sys008,utt184,wav/vmc2026-track3-sys008-utt184.wav,wav/vmc2026-track3-sys019-utt183.wav,4.837363940269399
sys011,utt278,wav/vmc2026-track3-sys011-utt278.wav,wav/vmc2026-track3-sys019-utt277.wav,4.69288341500936
sys020,utt028,wav/vmc2026-track3-sys020-utt028.wav,wav/vmc2026-track3-sys019-utt027.wav,3.4902896401358996
sys018,utt106,wav/vmc2026-track3-sys018-utt106.wav,wav/vmc2026-track3-sys019-utt105.wav,3.2380952492267636
sys026,utt288,wav/vmc2026-track3-sys026-utt288.wav,wav/vmc2026-track3-sys019-utt287.wav,4.0929253509222985
sys009,utt306,wav/vmc2026-track3-sys009-utt306.wav,wav/vmc2026-track3-sys019-utt305.wav,4.613612847892251
sys014,utt112,wav/vmc2026-track3-sys014-utt112.wav,wav/vmc2026-track3-sys019-utt111.wav,4.105121207809303
sys014,utt036,wav/vmc2026-track3-sys014-utt036.wav,wav/vmc2026-track3-sys019-utt035.wav,4.314690650324374
sys017,utt228,wav/vmc2026-track3-sys017-utt228.wav,wav/vmc2026-track3-sys019-utt227.wav,4.5485032313581195
sys017,utt180,wav/vmc2026-track3-sys017-utt180.wav,wav/vmc2026-track3-sys019-utt179.wav,3.644435606106206
sys013,utt296,wav/vmc2026-track3-sys013-utt296.wav,wav/vmc2026-track3-sys019-utt295.wav,4.03789832279461
sys014,utt006,wav/vmc2026-track3-sys014-utt006.wav,wav/vmc2026-track3-sys019-utt005.wav,4.342394495722136
sys010,utt112,wav/vmc2026-track3-sys010-utt112.wav,wav/vmc2026-track3-sys019-utt111.wav,3.722776751444956
sys017,utt198,wav/vmc2026-track3-sys017-utt198.wav,wav/vmc2026-track3-sys019-utt197.wav,4.397339950713373
sys008,utt192,wav/vmc2026-track3-sys008-utt192.wav,wav/vmc2026-track3-sys019-utt191.wav,4.881022506248582
sys002,utt316,wav/vmc2026-track3-sys002-utt316.wav,wav/vmc2026-track3-sys019-utt315.wav,4.326061694756049
sys016,utt150,wav/vmc2026-track3-sys016-utt150.wav,wav/vmc2026-track3-sys019-utt149.wav,3.196621281983688
sys020,utt278,wav/vmc2026-track3-sys020-utt278.wav,wav/vmc2026-track3-sys019-utt277.wav,3.6280311413848674
sys008,utt180,wav/vmc2026-track3-sys008-utt180.wav,wav/vmc2026-track3-sys019-utt179.wav,4.279609497139612
sys005,utt076,wav/vmc2026-track3-sys005-utt076.wav,wav/vmc2026-track3-sys019-utt075.wav,2.7244639454693464
sys001,utt008,wav/vmc2026-track3-sys001-utt008.wav,wav/vmc2026-track3-sys019-utt007.wav,4.358035663005639
sys002,utt262,wav/vmc2026-track3-sys002-utt262.wav,wav/vmc2026-track3-sys019-utt261.wav,4.672076712581364
sys009,utt286,wav/vmc2026-track3-sys009-utt286.wav,wav/vmc2026-track3-sys019-utt285.wav,4.827186467966426
sys008,utt248,wav/vmc2026-track3-sys008-utt248.wav,wav/vmc2026-track3-sys019-utt247.wav,4.955907679805627
sys026,utt086,wav/vmc2026-track3-sys026-utt086.wav,wav/vmc2026-track3-sys019-utt085.wav,4.144328778404678
sys006,utt004,wav/vmc2026-track3-sys006-utt004.wav,wav/vmc2026-track3-sys019-utt003.wav,4.840433041922799
sys008,utt222,wav/vmc2026-track3-sys008-utt222.wav,wav/vmc2026-track3-sys019-utt221.wav,4.464998986716528
sys011,utt142,wav/vmc2026-track3-sys011-utt142.wav,wav/vmc2026-track3-sys019-utt141.wav,4.172998320965789
sys010,utt044,wav/vmc2026-track3-sys010-utt044.wav,wav/vmc2026-track3-sys019-utt043.wav,3.466687299990837
sys023,utt108,wav/vmc2026-track3-sys023-utt108.wav,wav/vmc2026-track3-sys019-utt107.wav,4.616666212390572
sys013,utt008,wav/vmc2026-track3-sys013-utt008.wav,wav/vmc2026-track3-sys019-utt007.wav,3.9101662877470407
sys001,utt204,wav/vmc2026-track3-sys001-utt204.wav,wav/vmc2026-track3-sys019-utt203.wav,3.785032212496425
sys026,utt112,wav/vmc2026-track3-sys026-utt112.wav,wav/vmc2026-track3-sys019-utt111.wav,3.423019854851618
sys018,utt244,wav/vmc2026-track3-sys018-utt244.wav,wav/vmc2026-track3-sys019-utt243.wav,2.940055607354893
sys026,utt138,wav/vmc2026-track3-sys026-utt138.wav,wav/vmc2026-track3-sys019-utt137.wav,3.572443448663333
sys024,utt320,wav/vmc2026-track3-sys024-utt320.wav,wav/vmc2026-track3-sys019-utt319.wav,4.051663662169214
sys013,utt220,wav/vmc2026-track3-sys013-utt220.wav,wav/vmc2026-track3-sys019-utt219.wav,4.171644102996344
sys006,utt204,wav/vmc2026-track3-sys006-utt204.wav,wav/vmc2026-track3-sys019-utt203.wav,4.221428684579714
sys013,utt200,wav/vmc2026-track3-sys013-utt200.wav,wav/vmc2026-track3-sys019-utt199.wav,4.192830717954826
sys016,utt160,wav/vmc2026-track3-sys016-utt160.wav,wav/vmc2026-track3-sys019-utt159.wav,3.9866578425266774
sys001,utt312,wav/vmc2026-track3-sys001-utt312.wav,wav/vmc2026-track3-sys019-utt311.wav,3.9366096361996337
sys011,utt268,wav/vmc2026-track3-sys011-utt268.wav,wav/vmc2026-track3-sys019-utt267.wav,4.068894757390221
sys016,utt148,wav/vmc2026-track3-sys016-utt148.wav,wav/vmc2026-track3-sys019-utt147.wav,3.225249310008353
sys008,utt294,wav/vmc2026-track3-sys008-utt294.wav,wav/vmc2026-track3-sys019-utt293.wav,5.0
sys025,utt006,wav/vmc2026-track3-sys025-utt006.wav,wav/vmc2026-track3-sys019-utt005.wav,3.577146814825141
sys012,utt110,wav/vmc2026-track3-sys012-utt110.wav,wav/vmc2026-track3-sys019-utt109.wav,4.347267494688728
sys012,utt150,wav/vmc2026-track3-sys012-utt150.wav,wav/vmc2026-track3-sys019-utt149.wav,3.1387048365712045
sys018,utt262,wav/vmc2026-track3-sys018-utt262.wav,wav/vmc2026-track3-sys019-utt261.wav,3.5898241875848766
sys020,utt114,wav/vmc2026-track3-sys020-utt114.wav,wav/vmc2026-track3-sys019-utt113.wav,3.464252521244627
sys014,utt266,wav/vmc2026-track3-sys014-utt266.wav,wav/vmc2026-track3-sys019-utt265.wav,4.172022999270599
sys016,utt218,wav/vmc2026-track3-sys016-utt218.wav,wav/vmc2026-track3-sys019-utt217.wav,4.458013213260382
sys016,utt268,wav/vmc2026-track3-sys016-utt268.wav,wav/vmc2026-track3-sys019-utt267.wav,3.767371678948996
sys014,utt016,wav/vmc2026-track3-sys014-utt016.wav,wav/vmc2026-track3-sys019-utt015.wav,5.0
sys010,utt040,wav/vmc2026-track3-sys010-utt040.wav,wav/vmc2026-track3-sys019-utt039.wav,3.838299611357785
sys002,utt286,wav/vmc2026-track3-sys002-utt286.wav,wav/vmc2026-track3-sys019-utt285.wav,4.701563463441973
sys014,utt178,wav/vmc2026-track3-sys014-utt178.wav,wav/vmc2026-track3-sys019-utt177.wav,4.096549475250338
sys016,utt226,wav/vmc2026-track3-sys016-utt226.wav,wav/vmc2026-track3-sys019-utt225.wav,3.8343183412452
sys002,utt050,wav/vmc2026-track3-sys002-utt050.wav,wav/vmc2026-track3-sys019-utt049.wav,4.576081108507186
sys016,utt234,wav/vmc2026-track3-sys016-utt234.wav,wav/vmc2026-track3-sys019-utt233.wav,3.702804175973021
sys008,utt128,wav/vmc2026-track3-sys008-utt128.wav,wav/vmc2026-track3-sys019-utt127.wav,4.641549414249792
sys008,utt130,wav/vmc2026-track3-sys008-utt130.wav,wav/vmc2026-track3-sys019-utt129.wav,5.0
sys008,utt318,wav/vmc2026-track3-sys008-utt318.wav,wav/vmc2026-track3-sys019-utt317.wav,4.834002946700967
sys017,utt064,wav/vmc2026-track3-sys017-utt064.wav,wav/vmc2026-track3-sys019-utt063.wav,3.549492537804771
sys005,utt004,wav/vmc2026-track3-sys005-utt004.wav,wav/vmc2026-track3-sys019-utt003.wav,3.3997196113832095
sys002,utt206,wav/vmc2026-track3-sys002-utt206.wav,wav/vmc2026-track3-sys019-utt205.wav,4.76032037714141
sys023,utt230,wav/vmc2026-track3-sys023-utt230.wav,wav/vmc2026-track3-sys019-utt229.wav,4.623689145561433
sys017,utt126,wav/vmc2026-track3-sys017-utt126.wav,wav/vmc2026-track3-sys019-utt125.wav,4.119879918809451
sys001,utt030,wav/vmc2026-track3-sys001-utt030.wav,wav/vmc2026-track3-sys019-utt029.wav,3.7981264580847154
sys009,utt316,wav/vmc2026-track3-sys009-utt316.wav,wav/vmc2026-track3-sys019-utt315.wav,4.355517086338775
sys008,utt126,wav/vmc2026-track3-sys008-utt126.wav,wav/vmc2026-track3-sys019-utt125.wav,4.629549426638511
sys005,utt268,wav/vmc2026-track3-sys005-utt268.wav,wav/vmc2026-track3-sys019-utt267.wav,3.620306745255471
sys025,utt270,wav/vmc2026-track3-sys025-utt270.wav,wav/vmc2026-track3-sys019-utt269.wav,3.7916124732676653
sys024,utt032,wav/vmc2026-track3-sys024-utt032.wav,wav/vmc2026-track3-sys019-utt031.wav,4.134976957627421
sys020,utt106,wav/vmc2026-track3-sys020-utt106.wav,wav/vmc2026-track3-sys019-utt105.wav,3.3025498258468478
sys001,utt280,wav/vmc2026-track3-sys001-utt280.wav,wav/vmc2026-track3-sys019-utt279.wav,4.40169648234279
sys016,utt296,wav/vmc2026-track3-sys016-utt296.wav,wav/vmc2026-track3-sys019-utt295.wav,3.5270840139566206
sys007,utt278,wav/vmc2026-track3-sys007-utt278.wav,wav/vmc2026-track3-sys019-utt277.wav,3.2141689069573194
sys017,utt104,wav/vmc2026-track3-sys017-utt104.wav,wav/vmc2026-track3-sys019-utt103.wav,3.723158361570893
sys025,utt320,wav/vmc2026-track3-sys025-utt320.wav,wav/vmc2026-track3-sys019-utt319.wav,3.010251818187024
sys002,utt282,wav/vmc2026-track3-sys002-utt282.wav,wav/vmc2026-track3-sys019-utt281.wav,4.72781682088866
sys009,utt014,wav/vmc2026-track3-sys009-utt014.wav,wav/vmc2026-track3-sys019-utt013.wav,5.0
sys006,utt116,wav/vmc2026-track3-sys006-utt116.wav,wav/vmc2026-track3-sys019-utt115.wav,3.907478012380981
sys025,utt224,wav/vmc2026-track3-sys025-utt224.wav,wav/vmc2026-track3-sys019-utt223.wav,3.2153894853753275
sys006,utt114,wav/vmc2026-track3-sys006-utt114.wav,wav/vmc2026-track3-sys019-utt113.wav,4.057749223974562
sys010,utt116,wav/vmc2026-track3-sys010-utt116.wav,wav/vmc2026-track3-sys019-utt115.wav,3.4248037846382107
sys017,utt128,wav/vmc2026-track3-sys017-utt128.wav,wav/vmc2026-track3-sys019-utt127.wav,4.057165575665796
sys011,utt084,wav/vmc2026-track3-sys011-utt084.wav,wav/vmc2026-track3-sys019-utt083.wav,4.179438411002686
sys007,utt136,wav/vmc2026-track3-sys007-utt136.wav,wav/vmc2026-track3-sys019-utt135.wav,3.6189244315092317
sys006,utt040,wav/vmc2026-track3-sys006-utt040.wav,wav/vmc2026-track3-sys019-utt039.wav,3.9279431448904547
sys002,utt130,wav/vmc2026-track3-sys002-utt130.wav,wav/vmc2026-track3-sys019-utt129.wav,4.545311024894419
sys022,utt320,wav/vmc2026-track3-sys022-utt320.wav,wav/vmc2026-track3-sys019-utt319.wav,3.4902840430343156
sys014,utt200,wav/vmc2026-track3-sys014-utt200.wav,wav/vmc2026-track3-sys019-utt199.wav,4.505420233311796
sys011,utt006,wav/vmc2026-track3-sys011-utt006.wav,wav/vmc2026-track3-sys019-utt005.wav,4.390208628033965
sys008,utt288,wav/vmc2026-track3-sys008-utt288.wav,wav/vmc2026-track3-sys019-utt287.wav,4.962884633499927
sys025,utt216,wav/vmc2026-track3-sys025-utt216.wav,wav/vmc2026-track3-sys019-utt215.wav,3.9601259722659328
sys009,utt296,wav/vmc2026-track3-sys009-utt296.wav,wav/vmc2026-track3-sys019-utt295.wav,4.922073469673776
sys016,utt196,wav/vmc2026-track3-sys016-utt196.wav,wav/vmc2026-track3-sys019-utt195.wav,3.602772338905222
sys005,utt144,wav/vmc2026-track3-sys005-utt144.wav,wav/vmc2026-track3-sys019-utt143.wav,2.7990923036621007
sys022,utt002,wav/vmc2026-track3-sys022-utt002.wav,wav/vmc2026-track3-sys019-utt001.wav,3.6902588516062638
sys011,utt228,wav/vmc2026-track3-sys011-utt228.wav,wav/vmc2026-track3-sys019-utt227.wav,4.925311787432751
sys010,utt232,wav/vmc2026-track3-sys010-utt232.wav,wav/vmc2026-track3-sys019-utt231.wav,3.794160694788096
sys008,utt086,wav/vmc2026-track3-sys008-utt086.wav,wav/vmc2026-track3-sys019-utt085.wav,4.5465124931075565
sys011,utt180,wav/vmc2026-track3-sys011-utt180.wav,wav/vmc2026-track3-sys019-utt179.wav,3.959712836456216
sys011,utt038,wav/vmc2026-track3-sys011-utt038.wav,wav/vmc2026-track3-sys019-utt037.wav,4.171296842728708
sys005,utt010,wav/vmc2026-track3-sys005-utt010.wav,wav/vmc2026-track3-sys019-utt009.wav,3.252634150527253
sys017,utt084,wav/vmc2026-track3-sys017-utt084.wav,wav/vmc2026-track3-sys019-utt083.wav,3.989837804488762
sys014,utt290,wav/vmc2026-track3-sys014-utt290.wav,wav/vmc2026-track3-sys019-utt289.wav,4.374732552549536
sys023,utt026,wav/vmc2026-track3-sys023-utt026.wav,wav/vmc2026-track3-sys019-utt025.wav,4.191063961078035
sys005,utt148,wav/vmc2026-track3-sys005-utt148.wav,wav/vmc2026-track3-sys019-utt147.wav,3.286164508361065
sys013,utt116,wav/vmc2026-track3-sys013-utt116.wav,wav/vmc2026-track3-sys019-utt115.wav,3.998453508185804
sys024,utt120,wav/vmc2026-track3-sys024-utt120.wav,wav/vmc2026-track3-sys019-utt119.wav,3.8189063654381625
sys014,utt154,wav/vmc2026-track3-sys014-utt154.wav,wav/vmc2026-track3-sys019-utt153.wav,4.639547358459556
sys008,utt088,wav/vmc2026-track3-sys008-utt088.wav,wav/vmc2026-track3-sys019-utt087.wav,4.7009045916318195
sys006,utt312,wav/vmc2026-track3-sys006-utt312.wav,wav/vmc2026-track3-sys019-utt311.wav,4.2451595905983845
sys002,utt220,wav/vmc2026-track3-sys002-utt220.wav,wav/vmc2026-track3-sys019-utt219.wav,4.614463370227215
sys006,utt286,wav/vmc2026-track3-sys006-utt286.wav,wav/vmc2026-track3-sys019-utt285.wav,4.409649465420179
sys025,utt142,wav/vmc2026-track3-sys025-utt142.wav,wav/vmc2026-track3-sys019-utt141.wav,3.671109481389256
sys025,utt278,wav/vmc2026-track3-sys025-utt278.wav,wav/vmc2026-track3-sys019-utt277.wav,3.835859662464987
sys020,utt250,wav/vmc2026-track3-sys020-utt250.wav,wav/vmc2026-track3-sys019-utt249.wav,3.2583997947750163
sys002,utt128,wav/vmc2026-track3-sys002-utt128.wav,wav/vmc2026-track3-sys019-utt127.wav,4.262112849134355
sys005,utt012,wav/vmc2026-track3-sys005-utt012.wav,wav/vmc2026-track3-sys019-utt011.wav,3.052153745606917
sys023,utt222,wav/vmc2026-track3-sys023-utt222.wav,wav/vmc2026-track3-sys019-utt221.wav,4.584004663609196
sys009,utt226,wav/vmc2026-track3-sys009-utt226.wav,wav/vmc2026-track3-sys019-utt225.wav,4.840074845518523
sys025,utt222,wav/vmc2026-track3-sys025-utt222.wav,wav/vmc2026-track3-sys019-utt221.wav,3.285510713502342
sys001,utt154,wav/vmc2026-track3-sys001-utt154.wav,wav/vmc2026-track3-sys019-utt153.wav,4.230811327606115
sys007,utt158,wav/vmc2026-track3-sys007-utt158.wav,wav/vmc2026-track3-sys019-utt157.wav,4.635953449522582
sys006,utt236,wav/vmc2026-track3-sys006-utt236.wav,wav/vmc2026-track3-sys019-utt235.wav,4.224039924897463
sys014,utt020,wav/vmc2026-track3-sys014-utt020.wav,wav/vmc2026-track3-sys019-utt019.wav,4.436384458996864
sys005,utt314,wav/vmc2026-track3-sys005-utt314.wav,wav/vmc2026-track3-sys019-utt313.wav,3.216426573616932
sys022,utt042,wav/vmc2026-track3-sys022-utt042.wav,wav/vmc2026-track3-sys019-utt041.wav,4.081493696958237
sys025,utt312,wav/vmc2026-track3-sys025-utt312.wav,wav/vmc2026-track3-sys019-utt311.wav,3.6713688767452775
sys014,utt086,wav/vmc2026-track3-sys014-utt086.wav,wav/vmc2026-track3-sys019-utt085.wav,3.806157343407588
sys020,utt024,wav/vmc2026-track3-sys020-utt024.wav,wav/vmc2026-track3-sys019-utt023.wav,3.4497830619045
sys002,utt148,wav/vmc2026-track3-sys002-utt148.wav,wav/vmc2026-track3-sys019-utt147.wav,4.333191670004724
sys009,utt116,wav/vmc2026-track3-sys009-utt116.wav,wav/vmc2026-track3-sys019-utt115.wav,4.40172645920539
sys007,utt120,wav/vmc2026-track3-sys007-utt120.wav,wav/vmc2026-track3-sys019-utt119.wav,3.7158631165090115
sys007,utt274,wav/vmc2026-track3-sys007-utt274.wav,wav/vmc2026-track3-sys019-utt273.wav,3.5879989117014897
sys008,utt072,wav/vmc2026-track3-sys008-utt072.wav,wav/vmc2026-track3-sys019-utt071.wav,4.634307331318875
sys005,utt264,wav/vmc2026-track3-sys005-utt264.wav,wav/vmc2026-track3-sys019-utt263.wav,3.7279694898681193
sys011,utt118,wav/vmc2026-track3-sys011-utt118.wav,wav/vmc2026-track3-sys019-utt117.wav,3.8654029731170922
sys023,utt210,wav/vmc2026-track3-sys023-utt210.wav,wav/vmc2026-track3-sys019-utt209.wav,4.471872999416789
sys009,utt038,wav/vmc2026-track3-sys009-utt038.wav,wav/vmc2026-track3-sys019-utt037.wav,4.290717027074947
sys011,utt140,wav/vmc2026-track3-sys011-utt140.wav,wav/vmc2026-track3-sys019-utt139.wav,4.138453135200971
sys016,utt044,wav/vmc2026-track3-sys016-utt044.wav,wav/vmc2026-track3-sys019-utt043.wav,3.788969088566002
sys008,utt102,wav/vmc2026-track3-sys008-utt102.wav,wav/vmc2026-track3-sys019-utt101.wav,4.923207255592873
sys009,utt050,wav/vmc2026-track3-sys009-utt050.wav,wav/vmc2026-track3-sys019-utt049.wav,4.841063224830102
sys025,utt046,wav/vmc2026-track3-sys025-utt046.wav,wav/vmc2026-track3-sys019-utt045.wav,3.707001679035187
sys018,utt016,wav/vmc2026-track3-sys018-utt016.wav,wav/vmc2026-track3-sys019-utt015.wav,3.4318357850964576
sys006,utt068,wav/vmc2026-track3-sys006-utt068.wav,wav/vmc2026-track3-sys019-utt067.wav,4.309687606763213
sys014,utt278,wav/vmc2026-track3-sys014-utt278.wav,wav/vmc2026-track3-sys019-utt277.wav,4.911481701807367
sys020,utt182,wav/vmc2026-track3-sys020-utt182.wav,wav/vmc2026-track3-sys019-utt181.wav,3.0181750343512626
sys017,utt136,wav/vmc2026-track3-sys017-utt136.wav,wav/vmc2026-track3-sys019-utt135.wav,3.7630874293648264
sys025,utt146,wav/vmc2026-track3-sys025-utt146.wav,wav/vmc2026-track3-sys019-utt145.wav,2.991144600090424
sys002,utt152,wav/vmc2026-track3-sys002-utt152.wav,wav/vmc2026-track3-sys019-utt151.wav,4.640628362075187
sys014,utt182,wav/vmc2026-track3-sys014-utt182.wav,wav/vmc2026-track3-sys019-utt181.wav,4.425460028351379
sys002,utt180,wav/vmc2026-track3-sys002-utt180.wav,wav/vmc2026-track3-sys019-utt179.wav,4.1412164669519225
sys014,utt010,wav/vmc2026-track3-sys014-utt010.wav,wav/vmc2026-track3-sys019-utt009.wav,4.555409404893495
sys008,utt276,wav/vmc2026-track3-sys008-utt276.wav,wav/vmc2026-track3-sys019-utt275.wav,5.0
sys009,utt246,wav/vmc2026-track3-sys009-utt246.wav,wav/vmc2026-track3-sys019-utt245.wav,4.560991597785096
sys026,utt176,wav/vmc2026-track3-sys026-utt176.wav,wav/vmc2026-track3-sys019-utt175.wav,3.6551103928233704
sys024,utt082,wav/vmc2026-track3-sys024-utt082.wav,wav/vmc2026-track3-sys019-utt081.wav,4.009252818644459
sys011,utt028,wav/vmc2026-track3-sys011-utt028.wav,wav/vmc2026-track3-sys019-utt027.wav,3.8596866628250215
sys005,utt266,wav/vmc2026-track3-sys005-utt266.wav,wav/vmc2026-track3-sys019-utt265.wav,3.4475568312994804
sys013,utt288,wav/vmc2026-track3-sys013-utt288.wav,wav/vmc2026-track3-sys019-utt287.wav,3.5133653334399777
sys024,utt298,wav/vmc2026-track3-sys024-utt298.wav,wav/vmc2026-track3-sys019-utt297.wav,4.2681126439881085
sys007,utt266,wav/vmc2026-track3-sys007-utt266.wav,wav/vmc2026-track3-sys019-utt265.wav,3.8380731540747894
sys024,utt278,wav/vmc2026-track3-sys024-utt278.wav,wav/vmc2026-track3-sys019-utt277.wav,4.446843906515641
sys014,utt238,wav/vmc2026-track3-sys014-utt238.wav,wav/vmc2026-track3-sys019-utt237.wav,4.391806549877277
sys008,utt232,wav/vmc2026-track3-sys008-utt232.wav,wav/vmc2026-track3-sys019-utt231.wav,4.975245567242014
sys001,utt196,wav/vmc2026-track3-sys001-utt196.wav,wav/vmc2026-track3-sys019-utt195.wav,3.970213049116976
sys020,utt268,wav/vmc2026-track3-sys020-utt268.wav,wav/vmc2026-track3-sys019-utt267.wav,3.4559789472065083
sys012,utt232,wav/vmc2026-track3-sys012-utt232.wav,wav/vmc2026-track3-sys019-utt231.wav,3.956325197544799
sys017,utt280,wav/vmc2026-track3-sys017-utt280.wav,wav/vmc2026-track3-sys019-utt279.wav,4.039190070246644
sys011,utt012,wav/vmc2026-track3-sys011-utt012.wav,wav/vmc2026-track3-sys019-utt011.wav,4.250558672769842
sys010,utt298,wav/vmc2026-track3-sys010-utt298.wav,wav/vmc2026-track3-sys019-utt297.wav,4.317922616728941
sys001,utt150,wav/vmc2026-track3-sys001-utt150.wav,wav/vmc2026-track3-sys019-utt149.wav,3.840474515796701
sys014,utt040,wav/vmc2026-track3-sys014-utt040.wav,wav/vmc2026-track3-sys019-utt039.wav,4.211151267200085
sys013,utt010,wav/vmc2026-track3-sys013-utt010.wav,wav/vmc2026-track3-sys019-utt009.wav,3.6911332495367146
sys011,utt172,wav/vmc2026-track3-sys011-utt172.wav,wav/vmc2026-track3-sys019-utt171.wav,4.198457569391569
sys023,utt216,wav/vmc2026-track3-sys023-utt216.wav,wav/vmc2026-track3-sys019-utt215.wav,5.0
sys008,utt266,wav/vmc2026-track3-sys008-utt266.wav,wav/vmc2026-track3-sys019-utt265.wav,4.3868213835817045
sys008,utt006,wav/vmc2026-track3-sys008-utt006.wav,wav/vmc2026-track3-sys019-utt005.wav,4.829793406356108
sys023,utt152,wav/vmc2026-track3-sys023-utt152.wav,wav/vmc2026-track3-sys019-utt151.wav,4.389783030688608
sys016,utt224,wav/vmc2026-track3-sys016-utt224.wav,wav/vmc2026-track3-sys019-utt223.wav,3.8556263285903185
sys023,utt132,wav/vmc2026-track3-sys023-utt132.wav,wav/vmc2026-track3-sys019-utt131.wav,4.403902944661646
sys011,utt284,wav/vmc2026-track3-sys011-utt284.wav,wav/vmc2026-track3-sys019-utt283.wav,4.218181966881286
sys011,utt136,wav/vmc2026-track3-sys011-utt136.wav,wav/vmc2026-track3-sys019-utt135.wav,4.648648495068406
sys017,utt116,wav/vmc2026-track3-sys017-utt116.wav,wav/vmc2026-track3-sys019-utt115.wav,3.734681406163413
sys007,utt080,wav/vmc2026-track3-sys007-utt080.wav,wav/vmc2026-track3-sys019-utt079.wav,3.7068203544327303
sys026,utt200,wav/vmc2026-track3-sys026-utt200.wav,wav/vmc2026-track3-sys019-utt199.wav,3.9989128148548523
sys006,utt120,wav/vmc2026-track3-sys006-utt120.wav,wav/vmc2026-track3-sys019-utt119.wav,3.919077017925986
sys014,utt242,wav/vmc2026-track3-sys014-utt242.wav,wav/vmc2026-track3-sys019-utt241.wav,4.416039887127112
sys023,utt220,wav/vmc2026-track3-sys023-utt220.wav,wav/vmc2026-track3-sys019-utt219.wav,4.262604781690819
sys013,utt272,wav/vmc2026-track3-sys013-utt272.wav,wav/vmc2026-track3-sys019-utt271.wav,4.11121532134085
sys023,utt214,wav/vmc2026-track3-sys023-utt214.wav,wav/vmc2026-track3-sys019-utt213.wav,4.400994169895952
sys006,utt192,wav/vmc2026-track3-sys006-utt192.wav,wav/vmc2026-track3-sys019-utt191.wav,4.467652495845857
sys014,utt262,wav/vmc2026-track3-sys014-utt262.wav,wav/vmc2026-track3-sys019-utt261.wav,4.513573344657357
sys005,utt070,wav/vmc2026-track3-sys005-utt070.wav,wav/vmc2026-track3-sys019-utt069.wav,3.4096543682159672
sys008,utt238,wav/vmc2026-track3-sys008-utt238.wav,wav/vmc2026-track3-sys019-utt237.wav,4.502534627025782
sys025,utt304,wav/vmc2026-track3-sys025-utt304.wav,wav/vmc2026-track3-sys019-utt303.wav,3.9696061569260648
sys016,utt086,wav/vmc2026-track3-sys016-utt086.wav,wav/vmc2026-track3-sys019-utt085.wav,3.5462914140049393
sys013,utt238,wav/vmc2026-track3-sys013-utt238.wav,wav/vmc2026-track3-sys019-utt237.wav,4.277407315510578
sys007,utt232,wav/vmc2026-track3-sys007-utt232.wav,wav/vmc2026-track3-sys019-utt231.wav,4.159896874752471
sys010,utt174,wav/vmc2026-track3-sys010-utt174.wav,wav/vmc2026-track3-sys019-utt173.wav,3.827656986085784
sys007,utt310,wav/vmc2026-track3-sys007-utt310.wav,wav/vmc2026-track3-sys019-utt309.wav,4.111979273608814
sys022,utt114,wav/vmc2026-track3-sys022-utt114.wav,wav/vmc2026-track3-sys019-utt113.wav,3.785108515343082
sys025,utt176,wav/vmc2026-track3-sys025-utt176.wav,wav/vmc2026-track3-sys019-utt175.wav,3.4303807319767383
sys017,utt114,wav/vmc2026-track3-sys017-utt114.wav,wav/vmc2026-track3-sys019-utt113.wav,3.429737139721607
sys009,utt278,wav/vmc2026-track3-sys009-utt278.wav,wav/vmc2026-track3-sys019-utt277.wav,5.0
sys014,utt146,wav/vmc2026-track3-sys014-utt146.wav,wav/vmc2026-track3-sys019-utt145.wav,4.354105588553608
sys009,utt080,wav/vmc2026-track3-sys009-utt080.wav,wav/vmc2026-track3-sys019-utt079.wav,4.836529019416413
sys006,utt224,wav/vmc2026-track3-sys006-utt224.wav,wav/vmc2026-track3-sys019-utt223.wav,4.330593843544495
sys009,utt148,wav/vmc2026-track3-sys009-utt148.wav,wav/vmc2026-track3-sys019-utt147.wav,4.542623683413839
sys010,utt220,wav/vmc2026-track3-sys010-utt220.wav,wav/vmc2026-track3-sys019-utt219.wav,3.773101934900842
sys006,utt074,wav/vmc2026-track3-sys006-utt074.wav,wav/vmc2026-track3-sys019-utt073.wav,4.145857444319228
sys025,utt084,wav/vmc2026-track3-sys025-utt084.wav,wav/vmc2026-track3-sys019-utt083.wav,3.8297344175945027
sys013,utt304,wav/vmc2026-track3-sys013-utt304.wav,wav/vmc2026-track3-sys019-utt303.wav,4.144354470553585
sys022,utt214,wav/vmc2026-track3-sys022-utt214.wav,wav/vmc2026-track3-sys019-utt213.wav,4.388895643236873
sys012,utt134,wav/vmc2026-track3-sys012-utt134.wav,wav/vmc2026-track3-sys019-utt133.wav,3.0669900634177836
sys012,utt308,wav/vmc2026-track3-sys012-utt308.wav,wav/vmc2026-track3-sys019-utt307.wav,3.847094241784492
sys018,utt034,wav/vmc2026-track3-sys018-utt034.wav,wav/vmc2026-track3-sys019-utt033.wav,3.420492314238309
sys007,utt186,wav/vmc2026-track3-sys007-utt186.wav,wav/vmc2026-track3-sys019-utt185.wav,3.7550006755134007
sys012,utt086,wav/vmc2026-track3-sys012-utt086.wav,wav/vmc2026-track3-sys019-utt085.wav,4.025556279638247
sys001,utt226,wav/vmc2026-track3-sys001-utt226.wav,wav/vmc2026-track3-sys019-utt225.wav,4.358976624325633
sys016,utt208,wav/vmc2026-track3-sys016-utt208.wav,wav/vmc2026-track3-sys019-utt207.wav,4.032537776803834
sys016,utt178,wav/vmc2026-track3-sys016-utt178.wav,wav/vmc2026-track3-sys019-utt177.wav,3.338960604915591
sys024,utt090,wav/vmc2026-track3-sys024-utt090.wav,wav/vmc2026-track3-sys019-utt089.wav,4.006513407179492
sys012,utt024,wav/vmc2026-track3-sys012-utt024.wav,wav/vmc2026-track3-sys019-utt023.wav,3.9162473033720238
sys018,utt266,wav/vmc2026-track3-sys018-utt266.wav,wav/vmc2026-track3-sys019-utt265.wav,3.5318338855657414
sys006,utt238,wav/vmc2026-track3-sys006-utt238.wav,wav/vmc2026-track3-sys019-utt237.wav,3.9778696244956997
sys006,utt226,wav/vmc2026-track3-sys006-utt226.wav,wav/vmc2026-track3-sys019-utt225.wav,4.726352076609584
sys016,utt250,wav/vmc2026-track3-sys016-utt250.wav,wav/vmc2026-track3-sys019-utt249.wav,4.544912463648185
sys023,utt110,wav/vmc2026-track3-sys023-utt110.wav,wav/vmc2026-track3-sys019-utt109.wav,4.846420763757821
sys006,utt062,wav/vmc2026-track3-sys006-utt062.wav,wav/vmc2026-track3-sys019-utt061.wav,3.956851446418216
sys017,utt312,wav/vmc2026-track3-sys017-utt312.wav,wav/vmc2026-track3-sys019-utt311.wav,3.824873307835215
sys012,utt282,wav/vmc2026-track3-sys012-utt282.wav,wav/vmc2026-track3-sys019-utt281.wav,3.829472133943188
sys001,utt138,wav/vmc2026-track3-sys001-utt138.wav,wav/vmc2026-track3-sys019-utt137.wav,3.5492168698229447
sys001,utt248,wav/vmc2026-track3-sys001-utt248.wav,wav/vmc2026-track3-sys019-utt247.wav,4.618800904801112
sys026,utt300,wav/vmc2026-track3-sys026-utt300.wav,wav/vmc2026-track3-sys019-utt299.wav,4.302047459476958
sys023,utt104,wav/vmc2026-track3-sys023-utt104.wav,wav/vmc2026-track3-sys019-utt103.wav,4.546429220138158
sys002,utt146,wav/vmc2026-track3-sys002-utt146.wav,wav/vmc2026-track3-sys019-utt145.wav,3.9453844930451045
sys023,utt314,wav/vmc2026-track3-sys023-utt314.wav,wav/vmc2026-track3-sys019-utt313.wav,4.270354013869508
sys014,utt024,wav/vmc2026-track3-sys014-utt024.wav,wav/vmc2026-track3-sys019-utt023.wav,4.207221282946703
sys005,utt040,wav/vmc2026-track3-sys005-utt040.wav,wav/vmc2026-track3-sys019-utt039.wav,3.3671053366748813
sys009,utt120,wav/vmc2026-track3-sys009-utt120.wav,wav/vmc2026-track3-sys019-utt119.wav,4.234370662815019
sys011,utt264,wav/vmc2026-track3-sys011-utt264.wav,wav/vmc2026-track3-sys019-utt263.wav,4.354760358845807
sys025,utt126,wav/vmc2026-track3-sys025-utt126.wav,wav/vmc2026-track3-sys019-utt125.wav,4.223876315667981
sys020,utt302,wav/vmc2026-track3-sys020-utt302.wav,wav/vmc2026-track3-sys019-utt301.wav,3.207579301764511
sys023,utt078,wav/vmc2026-track3-sys023-utt078.wav,wav/vmc2026-track3-sys019-utt077.wav,4.681441340738939
sys002,utt222,wav/vmc2026-track3-sys002-utt222.wav,wav/vmc2026-track3-sys019-utt221.wav,4.717506267848502
sys010,utt082,wav/vmc2026-track3-sys010-utt082.wav,wav/vmc2026-track3-sys019-utt081.wav,4.049848166893524
sys025,utt066,wav/vmc2026-track3-sys025-utt066.wav,wav/vmc2026-track3-sys019-utt065.wav,3.57770613409537
sys009,utt196,wav/vmc2026-track3-sys009-utt196.wav,wav/vmc2026-track3-sys019-utt195.wav,4.988044471770188
sys001,utt012,wav/vmc2026-track3-sys001-utt012.wav,wav/vmc2026-track3-sys019-utt011.wav,3.852441625385964
sys022,utt268,wav/vmc2026-track3-sys022-utt268.wav,wav/vmc2026-track3-sys019-utt267.wav,3.676966696149986
sys005,utt236,wav/vmc2026-track3-sys005-utt236.wav,wav/vmc2026-track3-sys019-utt235.wav,3.2481444878027808
sys014,utt150,wav/vmc2026-track3-sys014-utt150.wav,wav/vmc2026-track3-sys019-utt149.wav,4.035685755783843
sys017,utt068,wav/vmc2026-track3-sys017-utt068.wav,wav/vmc2026-track3-sys019-utt067.wav,3.893610845689098
sys026,utt032,wav/vmc2026-track3-sys026-utt032.wav,wav/vmc2026-track3-sys019-utt031.wav,3.5489587383046004
sys010,utt304,wav/vmc2026-track3-sys010-utt304.wav,wav/vmc2026-track3-sys019-utt303.wav,3.953154376549016
sys013,utt156,wav/vmc2026-track3-sys013-utt156.wav,wav/vmc2026-track3-sys019-utt155.wav,3.936884338054622
sys006,utt142,wav/vmc2026-track3-sys006-utt142.wav,wav/vmc2026-track3-sys019-utt141.wav,4.119066823657085
sys016,utt310,wav/vmc2026-track3-sys016-utt310.wav,wav/vmc2026-track3-sys019-utt309.wav,4.075473936303622
sys020,utt012,wav/vmc2026-track3-sys020-utt012.wav,wav/vmc2026-track3-sys019-utt011.wav,2.9067890824272054
sys011,utt208,wav/vmc2026-track3-sys011-utt208.wav,wav/vmc2026-track3-sys019-utt207.wav,4.320700688621443
sys024,utt204,wav/vmc2026-track3-sys024-utt204.wav,wav/vmc2026-track3-sys019-utt203.wav,3.839348971729855
sys010,utt008,wav/vmc2026-track3-sys010-utt008.wav,wav/vmc2026-track3-sys019-utt007.wav,4.342853053155793
sys011,utt074,wav/vmc2026-track3-sys011-utt074.wav,wav/vmc2026-track3-sys019-utt073.wav,4.198862644580105
sys018,utt320,wav/vmc2026-track3-sys018-utt320.wav,wav/vmc2026-track3-sys019-utt319.wav,3.3417690012073735
sys023,utt208,wav/vmc2026-track3-sys023-utt208.wav,wav/vmc2026-track3-sys019-utt207.wav,4.1818274683594865
sys017,utt028,wav/vmc2026-track3-sys017-utt028.wav,wav/vmc2026-track3-sys019-utt027.wav,3.6960437799797496
sys001,utt220,wav/vmc2026-track3-sys001-utt220.wav,wav/vmc2026-track3-sys019-utt219.wav,3.9111313335433544
sys026,utt224,wav/vmc2026-track3-sys026-utt224.wav,wav/vmc2026-track3-sys019-utt223.wav,3.9436870155347004
sys007,utt184,wav/vmc2026-track3-sys007-utt184.wav,wav/vmc2026-track3-sys019-utt183.wav,3.6810061217816292
sys010,utt016,wav/vmc2026-track3-sys010-utt016.wav,wav/vmc2026-track3-sys019-utt015.wav,4.354170520367938
sys005,utt146,wav/vmc2026-track3-sys005-utt146.wav,wav/vmc2026-track3-sys019-utt145.wav,3.258933306540918
sys008,utt210,wav/vmc2026-track3-sys008-utt210.wav,wav/vmc2026-track3-sys019-utt209.wav,4.48262036882765
sys020,utt042,wav/vmc2026-track3-sys020-utt042.wav,wav/vmc2026-track3-sys019-utt041.wav,3.487905191884569
sys011,utt272,wav/vmc2026-track3-sys011-utt272.wav,wav/vmc2026-track3-sys019-utt271.wav,3.964255946149601
sys008,utt182,wav/vmc2026-track3-sys008-utt182.wav,wav/vmc2026-track3-sys019-utt181.wav,5.0
sys001,utt140,wav/vmc2026-track3-sys001-utt140.wav,wav/vmc2026-track3-sys019-utt139.wav,3.542865386736376
sys005,utt042,wav/vmc2026-track3-sys005-utt042.wav,wav/vmc2026-track3-sys019-utt041.wav,3.524330530795672
sys023,utt218,wav/vmc2026-track3-sys023-utt218.wav,wav/vmc2026-track3-sys019-utt217.wav,4.629449200798833
sys012,utt304,wav/vmc2026-track3-sys012-utt304.wav,wav/vmc2026-track3-sys019-utt303.wav,3.9830758337834653
sys020,utt034,wav/vmc2026-track3-sys020-utt034.wav,wav/vmc2026-track3-sys019-utt033.wav,3.5605316564865275
sys022,utt306,wav/vmc2026-track3-sys022-utt306.wav,wav/vmc2026-track3-sys019-utt305.wav,3.6714243717340582
sys009,utt274,wav/vmc2026-track3-sys009-utt274.wav,wav/vmc2026-track3-sys019-utt273.wav,5.0
sys006,utt314,wav/vmc2026-track3-sys006-utt314.wav,wav/vmc2026-track3-sys019-utt313.wav,4.266570117505493
sys012,utt228,wav/vmc2026-track3-sys012-utt228.wav,wav/vmc2026-track3-sys019-utt227.wav,3.9506501114318557
sys018,utt304,wav/vmc2026-track3-sys018-utt304.wav,wav/vmc2026-track3-sys019-utt303.wav,3.0614939167970237
sys025,utt236,wav/vmc2026-track3-sys025-utt236.wav,wav/vmc2026-track3-sys019-utt235.wav,3.5507813061025617
sys001,utt288,wav/vmc2026-track3-sys001-utt288.wav,wav/vmc2026-track3-sys019-utt287.wav,3.8368576971177735
sys014,utt208,wav/vmc2026-track3-sys014-utt208.wav,wav/vmc2026-track3-sys019-utt207.wav,4.005578859099094
sys007,utt042,wav/vmc2026-track3-sys007-utt042.wav,wav/vmc2026-track3-sys019-utt041.wav,3.702323316207363
sys009,utt104,wav/vmc2026-track3-sys009-utt104.wav,wav/vmc2026-track3-sys019-utt103.wav,4.9423819276064584
sys007,utt110,wav/vmc2026-track3-sys007-utt110.wav,wav/vmc2026-track3-sys019-utt109.wav,3.5532887707144125
sys012,utt286,wav/vmc2026-track3-sys012-utt286.wav,wav/vmc2026-track3-sys019-utt285.wav,3.519368384572806
sys023,utt036,wav/vmc2026-track3-sys023-utt036.wav,wav/vmc2026-track3-sys019-utt035.wav,4.217568677695785
sys010,utt204,wav/vmc2026-track3-sys010-utt204.wav,wav/vmc2026-track3-sys019-utt203.wav,3.7619678003657278
sys008,utt268,wav/vmc2026-track3-sys008-utt268.wav,wav/vmc2026-track3-sys019-utt267.wav,4.357249686707205
sys022,utt238,wav/vmc2026-track3-sys022-utt238.wav,wav/vmc2026-track3-sys019-utt237.wav,3.4040562334943703
sys020,utt192,wav/vmc2026-track3-sys020-utt192.wav,wav/vmc2026-track3-sys019-utt191.wav,3.886693902422428
sys022,utt084,wav/vmc2026-track3-sys022-utt084.wav,wav/vmc2026-track3-sys019-utt083.wav,3.628130089735381
sys006,utt156,wav/vmc2026-track3-sys006-utt156.wav,wav/vmc2026-track3-sys019-utt155.wav,4.592210133781607
sys022,utt046,wav/vmc2026-track3-sys022-utt046.wav,wav/vmc2026-track3-sys019-utt045.wav,3.873147146557157
sys001,utt134,wav/vmc2026-track3-sys001-utt134.wav,wav/vmc2026-track3-sys019-utt133.wav,3.57899651590031
sys012,utt004,wav/vmc2026-track3-sys012-utt004.wav,wav/vmc2026-track3-sys019-utt003.wav,3.836693269438408
sys016,utt246,wav/vmc2026-track3-sys016-utt246.wav,wav/vmc2026-track3-sys019-utt245.wav,4.136161768393938
sys005,utt284,wav/vmc2026-track3-sys005-utt284.wav,wav/vmc2026-track3-sys019-utt283.wav,3.191603008305468
sys008,utt140,wav/vmc2026-track3-sys008-utt140.wav,wav/vmc2026-track3-sys019-utt139.wav,4.065338790546871
sys010,utt134,wav/vmc2026-track3-sys010-utt134.wav,wav/vmc2026-track3-sys019-utt133.wav,2.9261207355907928
sys018,utt224,wav/vmc2026-track3-sys018-utt224.wav,wav/vmc2026-track3-sys019-utt223.wav,3.542093990964014
sys022,utt118,wav/vmc2026-track3-sys022-utt118.wav,wav/vmc2026-track3-sys019-utt117.wav,3.924113186351208
sys023,utt202,wav/vmc2026-track3-sys023-utt202.wav,wav/vmc2026-track3-sys019-utt201.wav,4.577462285226776
sys016,utt066,wav/vmc2026-track3-sys016-utt066.wav,wav/vmc2026-track3-sys019-utt065.wav,3.550428714802705
sys005,utt280,wav/vmc2026-track3-sys005-utt280.wav,wav/vmc2026-track3-sys019-utt279.wav,3.329240788431251
sys001,utt032,wav/vmc2026-track3-sys001-utt032.wav,wav/vmc2026-track3-sys019-utt031.wav,3.4320199369023725
sys013,utt082,wav/vmc2026-track3-sys013-utt082.wav,wav/vmc2026-track3-sys019-utt081.wav,3.509046645785891
sys014,utt300,wav/vmc2026-track3-sys014-utt300.wav,wav/vmc2026-track3-sys019-utt299.wav,4.157605370948827
sys012,utt280,wav/vmc2026-track3-sys012-utt280.wav,wav/vmc2026-track3-sys019-utt279.wav,4.351065821863423
sys023,utt250,wav/vmc2026-track3-sys023-utt250.wav,wav/vmc2026-track3-sys019-utt249.wav,4.282406901757518
sys012,utt268,wav/vmc2026-track3-sys012-utt268.wav,wav/vmc2026-track3-sys019-utt267.wav,3.881102145773014
sys001,utt104,wav/vmc2026-track3-sys001-utt104.wav,wav/vmc2026-track3-sys019-utt103.wav,3.4160161424553976
sys002,utt176,wav/vmc2026-track3-sys002-utt176.wav,wav/vmc2026-track3-sys019-utt175.wav,4.248149395645022
sys001,utt108,wav/vmc2026-track3-sys001-utt108.wav,wav/vmc2026-track3-sys019-utt107.wav,3.375846648652698
sys018,utt194,wav/vmc2026-track3-sys018-utt194.wav,wav/vmc2026-track3-sys019-utt193.wav,4.046351007442116
sys012,utt122,wav/vmc2026-track3-sys012-utt122.wav,wav/vmc2026-track3-sys019-utt121.wav,3.778521718270502
sys005,utt176,wav/vmc2026-track3-sys005-utt176.wav,wav/vmc2026-track3-sys019-utt175.wav,2.63320699644747
sys020,utt312,wav/vmc2026-track3-sys020-utt312.wav,wav/vmc2026-track3-sys019-utt311.wav,3.1132072219797258
sys020,utt124,wav/vmc2026-track3-sys020-utt124.wav,wav/vmc2026-track3-sys019-utt123.wav,3.3276235392864857
sys026,utt308,wav/vmc2026-track3-sys026-utt308.wav,wav/vmc2026-track3-sys019-utt307.wav,4.036445149258162
sys005,utt102,wav/vmc2026-track3-sys005-utt102.wav,wav/vmc2026-track3-sys019-utt101.wav,2.77156357504571
sys012,utt210,wav/vmc2026-track3-sys012-utt210.wav,wav/vmc2026-track3-sys019-utt209.wav,3.3074527609526587
sys012,utt274,wav/vmc2026-track3-sys012-utt274.wav,wav/vmc2026-track3-sys019-utt273.wav,4.4077209814794385
sys023,utt086,wav/vmc2026-track3-sys023-utt086.wav,wav/vmc2026-track3-sys019-utt085.wav,4.378219708864028
sys008,utt132,wav/vmc2026-track3-sys008-utt132.wav,wav/vmc2026-track3-sys019-utt131.wav,4.32828740521827
sys005,utt026,wav/vmc2026-track3-sys005-utt026.wav,wav/vmc2026-track3-sys019-utt025.wav,3.14785622970561
sys009,utt310,wav/vmc2026-track3-sys009-utt310.wav,wav/vmc2026-track3-sys019-utt309.wav,4.547336799378003
sys007,utt284,wav/vmc2026-track3-sys007-utt284.wav,wav/vmc2026-track3-sys019-utt283.wav,3.7311944133595256
sys009,utt134,wav/vmc2026-track3-sys009-utt134.wav,wav/vmc2026-track3-sys019-utt133.wav,4.496208611625323
sys025,utt014,wav/vmc2026-track3-sys025-utt014.wav,wav/vmc2026-track3-sys019-utt013.wav,3.7657152193595147
sys014,utt066,wav/vmc2026-track3-sys014-utt066.wav,wav/vmc2026-track3-sys019-utt065.wav,4.307924324131362
sys025,utt238,wav/vmc2026-track3-sys025-utt238.wav,wav/vmc2026-track3-sys019-utt237.wav,3.775590276455006
sys006,utt212,wav/vmc2026-track3-sys006-utt212.wav,wav/vmc2026-track3-sys019-utt211.wav,4.46260379907562
sys010,utt114,wav/vmc2026-track3-sys010-utt114.wav,wav/vmc2026-track3-sys019-utt113.wav,3.596353797179091
sys023,utt070,wav/vmc2026-track3-sys023-utt070.wav,wav/vmc2026-track3-sys019-utt069.wav,4.695071415022721
sys009,utt020,wav/vmc2026-track3-sys009-utt020.wav,wav/vmc2026-track3-sys019-utt019.wav,5.0
sys026,utt062,wav/vmc2026-track3-sys026-utt062.wav,wav/vmc2026-track3-sys019-utt061.wav,4.082107638931825
sys011,utt310,wav/vmc2026-track3-sys011-utt310.wav,wav/vmc2026-track3-sys019-utt309.wav,4.316984958829457
sys007,utt022,wav/vmc2026-track3-sys007-utt022.wav,wav/vmc2026-track3-sys019-utt021.wav,3.900279513875933
sys008,utt230,wav/vmc2026-track3-sys008-utt230.wav,wav/vmc2026-track3-sys019-utt229.wav,4.804898633970926
sys024,utt276,wav/vmc2026-track3-sys024-utt276.wav,wav/vmc2026-track3-sys019-utt275.wav,4.321025643413231
sys006,utt008,wav/vmc2026-track3-sys006-utt008.wav,wav/vmc2026-track3-sys019-utt007.wav,4.156914120322149
sys002,utt234,wav/vmc2026-track3-sys002-utt234.wav,wav/vmc2026-track3-sys019-utt233.wav,3.972262819372078
sys014,utt008,wav/vmc2026-track3-sys014-utt008.wav,wav/vmc2026-track3-sys019-utt007.wav,4.553965890232124
sys006,utt288,wav/vmc2026-track3-sys006-utt288.wav,wav/vmc2026-track3-sys019-utt287.wav,4.406751882003644
sys010,utt320,wav/vmc2026-track3-sys010-utt320.wav,wav/vmc2026-track3-sys019-utt319.wav,4.01286401007658
sys008,utt108,wav/vmc2026-track3-sys008-utt108.wav,wav/vmc2026-track3-sys019-utt107.wav,4.642273899169465
sys014,utt046,wav/vmc2026-track3-sys014-utt046.wav,wav/vmc2026-track3-sys019-utt045.wav,4.437984036550336
sys014,utt286,wav/vmc2026-track3-sys014-utt286.wav,wav/vmc2026-track3-sys019-utt285.wav,4.223407024999719
sys024,utt242,wav/vmc2026-track3-sys024-utt242.wav,wav/vmc2026-track3-sys019-utt241.wav,4.539351026343021
sys020,utt066,wav/vmc2026-track3-sys020-utt066.wav,wav/vmc2026-track3-sys019-utt065.wav,3.438350473706528
sys020,utt294,wav/vmc2026-track3-sys020-utt294.wav,wav/vmc2026-track3-sys019-utt293.wav,2.9597319266563265
sys002,utt046,wav/vmc2026-track3-sys002-utt046.wav,wav/vmc2026-track3-sys019-utt045.wav,4.835411784733889
sys022,utt186,wav/vmc2026-track3-sys022-utt186.wav,wav/vmc2026-track3-sys019-utt185.wav,3.6506201144833823
sys018,utt006,wav/vmc2026-track3-sys018-utt006.wav,wav/vmc2026-track3-sys019-utt005.wav,3.489997281668076
sys018,utt176,wav/vmc2026-track3-sys018-utt176.wav,wav/vmc2026-track3-sys019-utt175.wav,3.3585569285870083
sys026,utt182,wav/vmc2026-track3-sys026-utt182.wav,wav/vmc2026-track3-sys019-utt181.wav,4.2677652772233285
sys024,utt148,wav/vmc2026-track3-sys024-utt148.wav,wav/vmc2026-track3-sys019-utt147.wav,3.8480032164851634
sys016,utt142,wav/vmc2026-track3-sys016-utt142.wav,wav/vmc2026-track3-sys019-utt141.wav,3.6036084844951173
sys023,utt284,wav/vmc2026-track3-sys023-utt284.wav,wav/vmc2026-track3-sys019-utt283.wav,4.462322083427029
sys022,utt234,wav/vmc2026-track3-sys022-utt234.wav,wav/vmc2026-track3-sys019-utt233.wav,3.893960261800098
sys001,utt088,wav/vmc2026-track3-sys001-utt088.wav,wav/vmc2026-track3-sys019-utt087.wav,4.011485815688596
sys022,utt076,wav/vmc2026-track3-sys022-utt076.wav,wav/vmc2026-track3-sys019-utt075.wav,3.899048488194559
sys023,utt172,wav/vmc2026-track3-sys023-utt172.wav,wav/vmc2026-track3-sys019-utt171.wav,4.664496242716884
sys016,utt122,wav/vmc2026-track3-sys016-utt122.wav,wav/vmc2026-track3-sys019-utt121.wav,3.6957070996220067
sys024,utt212,wav/vmc2026-track3-sys024-utt212.wav,wav/vmc2026-track3-sys019-utt211.wav,4.415022084204821
sys017,utt226,wav/vmc2026-track3-sys017-utt226.wav,wav/vmc2026-track3-sys019-utt225.wav,4.381196744702617
sys008,utt142,wav/vmc2026-track3-sys008-utt142.wav,wav/vmc2026-track3-sys019-utt141.wav,4.117715766185933
sys009,utt062,wav/vmc2026-track3-sys009-utt062.wav,wav/vmc2026-track3-sys019-utt061.wav,4.710928147217079
sys007,utt146,wav/vmc2026-track3-sys007-utt146.wav,wav/vmc2026-track3-sys019-utt145.wav,3.360928054443817
sys018,utt214,wav/vmc2026-track3-sys018-utt214.wav,wav/vmc2026-track3-sys019-utt213.wav,3.047809184441915
sys001,utt318,wav/vmc2026-track3-sys001-utt318.wav,wav/vmc2026-track3-sys019-utt317.wav,3.97268252629648
sys026,utt172,wav/vmc2026-track3-sys026-utt172.wav,wav/vmc2026-track3-sys019-utt171.wav,4.022017458528028
sys022,utt022,wav/vmc2026-track3-sys022-utt022.wav,wav/vmc2026-track3-sys019-utt021.wav,4.189736579497747
sys024,utt274,wav/vmc2026-track3-sys024-utt274.wav,wav/vmc2026-track3-sys019-utt273.wav,4.086836749520173
sys018,utt022,wav/vmc2026-track3-sys018-utt022.wav,wav/vmc2026-track3-sys019-utt021.wav,3.908452911583637
sys023,utt126,wav/vmc2026-track3-sys023-utt126.wav,wav/vmc2026-track3-sys019-utt125.wav,4.523876773145625
sys023,utt044,wav/vmc2026-track3-sys023-utt044.wav,wav/vmc2026-track3-sys019-utt043.wav,4.7498585764429375
sys005,utt104,wav/vmc2026-track3-sys005-utt104.wav,wav/vmc2026-track3-sys019-utt103.wav,3.0117045856850457
sys020,utt286,wav/vmc2026-track3-sys020-utt286.wav,wav/vmc2026-track3-sys019-utt285.wav,2.599161096808187
sys001,utt208,wav/vmc2026-track3-sys001-utt208.wav,wav/vmc2026-track3-sys019-utt207.wav,3.847253624595787
sys008,utt270,wav/vmc2026-track3-sys008-utt270.wav,wav/vmc2026-track3-sys019-utt269.wav,4.39808604064693
sys005,utt072,wav/vmc2026-track3-sys005-utt072.wav,wav/vmc2026-track3-sys019-utt071.wav,3.101527693809284
sys009,utt238,wav/vmc2026-track3-sys009-utt238.wav,wav/vmc2026-track3-sys019-utt237.wav,4.103352412062805
sys006,utt106,wav/vmc2026-track3-sys006-utt106.wav,wav/vmc2026-track3-sys019-utt105.wav,4.516036748484451
sys025,utt300,wav/vmc2026-track3-sys025-utt300.wav,wav/vmc2026-track3-sys019-utt299.wav,4.094972754295553
sys008,utt136,wav/vmc2026-track3-sys008-utt136.wav,wav/vmc2026-track3-sys019-utt135.wav,4.38800164975683
sys010,utt088,wav/vmc2026-track3-sys010-utt088.wav,wav/vmc2026-track3-sys019-utt087.wav,3.9248148328361205
sys018,utt108,wav/vmc2026-track3-sys018-utt108.wav,wav/vmc2026-track3-sys019-utt107.wav,3.2193909489181833
sys025,utt244,wav/vmc2026-track3-sys025-utt244.wav,wav/vmc2026-track3-sys019-utt243.wav,3.868003355361564
sys006,utt034,wav/vmc2026-track3-sys006-utt034.wav,wav/vmc2026-track3-sys019-utt033.wav,3.8041566375211473
sys018,utt274,wav/vmc2026-track3-sys018-utt274.wav,wav/vmc2026-track3-sys019-utt273.wav,3.1893234098075784
sys009,utt318,wav/vmc2026-track3-sys009-utt318.wav,wav/vmc2026-track3-sys019-utt317.wav,4.422783342845453
sys008,utt022,wav/vmc2026-track3-sys008-utt022.wav,wav/vmc2026-track3-sys019-utt021.wav,4.381861231254583
sys024,utt036,wav/vmc2026-track3-sys024-utt036.wav,wav/vmc2026-track3-sys019-utt035.wav,3.7779442132741607
sys022,utt080,wav/vmc2026-track3-sys022-utt080.wav,wav/vmc2026-track3-sys019-utt079.wav,3.614354426636967
sys010,utt130,wav/vmc2026-track3-sys010-utt130.wav,wav/vmc2026-track3-sys019-utt129.wav,4.1734999301822375
sys017,utt072,wav/vmc2026-track3-sys017-utt072.wav,wav/vmc2026-track3-sys019-utt071.wav,4.257854399755013
sys016,utt308,wav/vmc2026-track3-sys016-utt308.wav,wav/vmc2026-track3-sys019-utt307.wav,3.6269464631534056
sys017,utt156,wav/vmc2026-track3-sys017-utt156.wav,wav/vmc2026-track3-sys019-utt155.wav,4.333211597350391
sys008,utt154,wav/vmc2026-track3-sys008-utt154.wav,wav/vmc2026-track3-sys019-utt153.wav,4.785098978790656
sys001,utt126,wav/vmc2026-track3-sys001-utt126.wav,wav/vmc2026-track3-sys019-utt125.wav,4.129544276272803
sys016,utt202,wav/vmc2026-track3-sys016-utt202.wav,wav/vmc2026-track3-sys019-utt201.wav,3.76642095406414
sys014,utt206,wav/vmc2026-track3-sys014-utt206.wav,wav/vmc2026-track3-sys019-utt205.wav,4.5205873944801915
sys001,utt302,wav/vmc2026-track3-sys001-utt302.wav,wav/vmc2026-track3-sys019-utt301.wav,4.054753745427638
sys020,utt110,wav/vmc2026-track3-sys020-utt110.wav,wav/vmc2026-track3-sys019-utt109.wav,3.2870448471175076
sys025,utt024,wav/vmc2026-track3-sys025-utt024.wav,wav/vmc2026-track3-sys019-utt023.wav,3.6738760203996317
sys020,utt014,wav/vmc2026-track3-sys020-utt014.wav,wav/vmc2026-track3-sys019-utt013.wav,3.076472445378803
sys009,utt160,wav/vmc2026-track3-sys009-utt160.wav,wav/vmc2026-track3-sys019-utt159.wav,4.531562915752565
sys010,utt302,wav/vmc2026-track3-sys010-utt302.wav,wav/vmc2026-track3-sys019-utt301.wav,3.971716075989351
sys020,utt006,wav/vmc2026-track3-sys020-utt006.wav,wav/vmc2026-track3-sys019-utt005.wav,3.6790585962070943
sys010,utt230,wav/vmc2026-track3-sys010-utt230.wav,wav/vmc2026-track3-sys019-utt229.wav,3.85949956926682
sys005,utt156,wav/vmc2026-track3-sys005-utt156.wav,wav/vmc2026-track3-sys019-utt155.wav,3.940234476433854
sys007,utt074,wav/vmc2026-track3-sys007-utt074.wav,wav/vmc2026-track3-sys019-utt073.wav,3.5327076757120883
sys002,utt070,wav/vmc2026-track3-sys002-utt070.wav,wav/vmc2026-track3-sys019-utt069.wav,4.70796740191884
sys008,utt148,wav/vmc2026-track3-sys008-utt148.wav,wav/vmc2026-track3-sys019-utt147.wav,4.339671504958251
sys020,utt236,wav/vmc2026-track3-sys020-utt236.wav,wav/vmc2026-track3-sys019-utt235.wav,3.2113148729668417
sys026,utt078,wav/vmc2026-track3-sys026-utt078.wav,wav/vmc2026-track3-sys019-utt077.wav,4.362362433972923
sys017,utt110,wav/vmc2026-track3-sys017-utt110.wav,wav/vmc2026-track3-sys019-utt109.wav,3.8875827523564515
sys026,utt262,wav/vmc2026-track3-sys026-utt262.wav,wav/vmc2026-track3-sys019-utt261.wav,3.964155587930657
sys008,utt030,wav/vmc2026-track3-sys008-utt030.wav,wav/vmc2026-track3-sys019-utt029.wav,4.155645635054347
sys026,utt148,wav/vmc2026-track3-sys026-utt148.wav,wav/vmc2026-track3-sys019-utt147.wav,4.036950480822953
sys007,utt204,wav/vmc2026-track3-sys007-utt204.wav,wav/vmc2026-track3-sys019-utt203.wav,3.2717773037082143
sys026,utt028,wav/vmc2026-track3-sys026-utt028.wav,wav/vmc2026-track3-sys019-utt027.wav,4.349013175465628
sys012,utt140,wav/vmc2026-track3-sys012-utt140.wav,wav/vmc2026-track3-sys019-utt139.wav,3.1666650491458315
sys025,utt274,wav/vmc2026-track3-sys025-utt274.wav,wav/vmc2026-track3-sys019-utt273.wav,3.97348068584313
sys002,utt310,wav/vmc2026-track3-sys002-utt310.wav,wav/vmc2026-track3-sys019-utt309.wav,4.361475225553432
sys007,utt040,wav/vmc2026-track3-sys007-utt040.wav,wav/vmc2026-track3-sys019-utt039.wav,3.6161437745973757
sys011,utt040,wav/vmc2026-track3-sys011-utt040.wav,wav/vmc2026-track3-sys019-utt039.wav,3.6915764817739145
sys005,utt172,wav/vmc2026-track3-sys005-utt172.wav,wav/vmc2026-track3-sys019-utt171.wav,3.203037926166088
sys006,utt024,wav/vmc2026-track3-sys006-utt024.wav,wav/vmc2026-track3-sys019-utt023.wav,4.215363762598482
sys016,utt024,wav/vmc2026-track3-sys016-utt024.wav,wav/vmc2026-track3-sys019-utt023.wav,3.7851739204371038
sys008,utt134,wav/vmc2026-track3-sys008-utt134.wav,wav/vmc2026-track3-sys019-utt133.wav,4.565716005691987
sys005,utt002,wav/vmc2026-track3-sys005-utt002.wav,wav/vmc2026-track3-sys019-utt001.wav,3.4670654606637665
sys025,utt128,wav/vmc2026-track3-sys025-utt128.wav,wav/vmc2026-track3-sys019-utt127.wav,3.5953634174273974
sys010,utt076,wav/vmc2026-track3-sys010-utt076.wav,wav/vmc2026-track3-sys019-utt075.wav,4.0600587435078195
sys008,utt024,wav/vmc2026-track3-sys008-utt024.wav,wav/vmc2026-track3-sys019-utt023.wav,4.599815133808816
sys020,utt296,wav/vmc2026-track3-sys020-utt296.wav,wav/vmc2026-track3-sys019-utt295.wav,2.9821736676801383
sys001,utt064,wav/vmc2026-track3-sys001-utt064.wav,wav/vmc2026-track3-sys019-utt063.wav,3.7294176080834553
sys017,utt006,wav/vmc2026-track3-sys017-utt006.wav,wav/vmc2026-track3-sys019-utt005.wav,4.246271102965154
sys012,utt080,wav/vmc2026-track3-sys012-utt080.wav,wav/vmc2026-track3-sys019-utt079.wav,4.074862673789717
sys011,utt282,wav/vmc2026-track3-sys011-utt282.wav,wav/vmc2026-track3-sys019-utt281.wav,4.266147495013746
sys017,utt038,wav/vmc2026-track3-sys017-utt038.wav,wav/vmc2026-track3-sys019-utt037.wav,3.367765185557805
sys026,utt084,wav/vmc2026-track3-sys026-utt084.wav,wav/vmc2026-track3-sys019-utt083.wav,4.504010669377672
sys010,utt032,wav/vmc2026-track3-sys010-utt032.wav,wav/vmc2026-track3-sys019-utt031.wav,3.4751445094022357
sys014,utt002,wav/vmc2026-track3-sys014-utt002.wav,wav/vmc2026-track3-sys019-utt001.wav,4.523357821703196
sys014,utt204,wav/vmc2026-track3-sys014-utt204.wav,wav/vmc2026-track3-sys019-utt203.wav,4.653718956776894
sys002,utt074,wav/vmc2026-track3-sys002-utt074.wav,wav/vmc2026-track3-sys019-utt073.wav,4.502675621346528
sys025,utt186,wav/vmc2026-track3-sys025-utt186.wav,wav/vmc2026-track3-sys019-utt185.wav,3.3754227477233605
sys022,utt016,wav/vmc2026-track3-sys022-utt016.wav,wav/vmc2026-track3-sys019-utt015.wav,4.350513730790951
sys026,utt114,wav/vmc2026-track3-sys026-utt114.wav,wav/vmc2026-track3-sys019-utt113.wav,3.3624059924966487
sys026,utt320,wav/vmc2026-track3-sys026-utt320.wav,wav/vmc2026-track3-sys019-utt319.wav,3.5696120168962637
sys023,utt004,wav/vmc2026-track3-sys023-utt004.wav,wav/vmc2026-track3-sys019-utt003.wav,4.701750278896624
sys011,utt062,wav/vmc2026-track3-sys011-utt062.wav,wav/vmc2026-track3-sys019-utt061.wav,4.045289340728836
sys025,utt234,wav/vmc2026-track3-sys025-utt234.wav,wav/vmc2026-track3-sys019-utt233.wav,3.4888111402435515
sys006,utt272,wav/vmc2026-track3-sys006-utt272.wav,wav/vmc2026-track3-sys019-utt271.wav,4.399458699992231
sys023,utt154,wav/vmc2026-track3-sys023-utt154.wav,wav/vmc2026-track3-sys019-utt153.wav,4.384525503707371
sys011,utt044,wav/vmc2026-track3-sys011-utt044.wav,wav/vmc2026-track3-sys019-utt043.wav,4.233998005318734
sys011,utt104,wav/vmc2026-track3-sys011-utt104.wav,wav/vmc2026-track3-sys019-utt103.wav,4.282687706835831
sys024,utt122,wav/vmc2026-track3-sys024-utt122.wav,wav/vmc2026-track3-sys019-utt121.wav,4.328156010564679
sys005,utt200,wav/vmc2026-track3-sys005-utt200.wav,wav/vmc2026-track3-sys019-utt199.wav,3.481296968543267
sys009,utt208,wav/vmc2026-track3-sys009-utt208.wav,wav/vmc2026-track3-sys019-utt207.wav,4.333808330094963
sys001,utt200,wav/vmc2026-track3-sys001-utt200.wav,wav/vmc2026-track3-sys019-utt199.wav,4.2795554592100435
sys017,utt210,wav/vmc2026-track3-sys017-utt210.wav,wav/vmc2026-track3-sys019-utt209.wav,3.9038538739562068
sys022,utt228,wav/vmc2026-track3-sys022-utt228.wav,wav/vmc2026-track3-sys019-utt227.wav,3.635008787285116
sys005,utt048,wav/vmc2026-track3-sys005-utt048.wav,wav/vmc2026-track3-sys019-utt047.wav,3.3130177740224056
sys020,utt134,wav/vmc2026-track3-sys020-utt134.wav,wav/vmc2026-track3-sys019-utt133.wav,3.2668420553841275
sys005,utt150,wav/vmc2026-track3-sys005-utt150.wav,wav/vmc2026-track3-sys019-utt149.wav,3.7339802996074396
sys026,utt142,wav/vmc2026-track3-sys026-utt142.wav,wav/vmc2026-track3-sys019-utt141.wav,3.620986110904171
sys011,utt302,wav/vmc2026-track3-sys011-utt302.wav,wav/vmc2026-track3-sys019-utt301.wav,4.5457314807627975
sys013,utt120,wav/vmc2026-track3-sys013-utt120.wav,wav/vmc2026-track3-sys019-utt119.wav,3.9087758500506897
sys006,utt012,wav/vmc2026-track3-sys006-utt012.wav,wav/vmc2026-track3-sys019-utt011.wav,4.364601611517165
sys016,utt146,wav/vmc2026-track3-sys016-utt146.wav,wav/vmc2026-track3-sys019-utt145.wav,3.559087335608518
sys020,utt108,wav/vmc2026-track3-sys020-utt108.wav,wav/vmc2026-track3-sys019-utt107.wav,3.30829555725181
sys025,utt022,wav/vmc2026-track3-sys025-utt022.wav,wav/vmc2026-track3-sys019-utt021.wav,3.8722863787416304
sys020,utt210,wav/vmc2026-track3-sys020-utt210.wav,wav/vmc2026-track3-sys019-utt209.wav,3.240006847796369
sys017,utt016,wav/vmc2026-track3-sys017-utt016.wav,wav/vmc2026-track3-sys019-utt015.wav,4.686362890118006
sys001,utt042,wav/vmc2026-track3-sys001-utt042.wav,wav/vmc2026-track3-sys019-utt041.wav,3.72622375758094
sys016,utt114,wav/vmc2026-track3-sys016-utt114.wav,wav/vmc2026-track3-sys019-utt113.wav,3.662870476136382
sys008,utt224,wav/vmc2026-track3-sys008-utt224.wav,wav/vmc2026-track3-sys019-utt223.wav,5.0
sys022,utt018,wav/vmc2026-track3-sys022-utt018.wav,wav/vmc2026-track3-sys019-utt017.wav,4.290904902241148
sys009,utt004,wav/vmc2026-track3-sys009-utt004.wav,wav/vmc2026-track3-sys019-utt003.wav,4.690661672814082
sys024,utt272,wav/vmc2026-track3-sys024-utt272.wav,wav/vmc2026-track3-sys019-utt271.wav,4.171859715636558
sys022,utt110,wav/vmc2026-track3-sys022-utt110.wav,wav/vmc2026-track3-sys019-utt109.wav,3.4897653729779123
sys016,utt080,wav/vmc2026-track3-sys016-utt080.wav,wav/vmc2026-track3-sys019-utt079.wav,4.063983697831909
sys024,utt050,wav/vmc2026-track3-sys024-utt050.wav,wav/vmc2026-track3-sys019-utt049.wav,3.9913832408994865
sys026,utt180,wav/vmc2026-track3-sys026-utt180.wav,wav/vmc2026-track3-sys019-utt179.wav,3.621610611525711
sys025,utt016,wav/vmc2026-track3-sys025-utt016.wav,wav/vmc2026-track3-sys019-utt015.wav,3.2202997931302004
sys006,utt196,wav/vmc2026-track3-sys006-utt196.wav,wav/vmc2026-track3-sys019-utt195.wav,4.548928976453871
sys022,utt160,wav/vmc2026-track3-sys022-utt160.wav,wav/vmc2026-track3-sys019-utt159.wav,4.439439324302282
sys011,utt106,wav/vmc2026-track3-sys011-utt106.wav,wav/vmc2026-track3-sys019-utt105.wav,4.468555087986881
sys001,utt120,wav/vmc2026-track3-sys001-utt120.wav,wav/vmc2026-track3-sys019-utt119.wav,3.5961157652599094
sys009,utt206,wav/vmc2026-track3-sys009-utt206.wav,wav/vmc2026-track3-sys019-utt205.wav,4.443696924792054
sys002,utt280,wav/vmc2026-track3-sys002-utt280.wav,wav/vmc2026-track3-sys019-utt279.wav,4.920035037899408
sys016,utt210,wav/vmc2026-track3-sys016-utt210.wav,wav/vmc2026-track3-sys019-utt209.wav,3.96410872107681
sys018,utt010,wav/vmc2026-track3-sys018-utt010.wav,wav/vmc2026-track3-sys019-utt009.wav,3.2818924268983922
sys009,utt174,wav/vmc2026-track3-sys009-utt174.wav,wav/vmc2026-track3-sys019-utt173.wav,4.238387699692452
sys026,utt306,wav/vmc2026-track3-sys026-utt306.wav,wav/vmc2026-track3-sys019-utt305.wav,4.174136817407333
sys016,utt272,wav/vmc2026-track3-sys016-utt272.wav,wav/vmc2026-track3-sys019-utt271.wav,4.031910147767319
sys007,utt128,wav/vmc2026-track3-sys007-utt128.wav,wav/vmc2026-track3-sys019-utt127.wav,4.171058415319407
sys010,utt314,wav/vmc2026-track3-sys010-utt314.wav,wav/vmc2026-track3-sys019-utt313.wav,3.5106554744179492
sys001,utt046,wav/vmc2026-track3-sys001-utt046.wav,wav/vmc2026-track3-sys019-utt045.wav,3.5096859301270826
sys001,utt282,wav/vmc2026-track3-sys001-utt282.wav,wav/vmc2026-track3-sys019-utt281.wav,3.5871049336886998
sys024,utt262,wav/vmc2026-track3-sys024-utt262.wav,wav/vmc2026-track3-sys019-utt261.wav,4.236625321117092
sys008,utt002,wav/vmc2026-track3-sys008-utt002.wav,wav/vmc2026-track3-sys019-utt001.wav,4.822948947807902
sys022,utt026,wav/vmc2026-track3-sys022-utt026.wav,wav/vmc2026-track3-sys019-utt025.wav,2.1452637825741574
sys013,utt106,wav/vmc2026-track3-sys013-utt106.wav,wav/vmc2026-track3-sys019-utt105.wav,3.791454121638398
sys026,utt314,wav/vmc2026-track3-sys026-utt314.wav,wav/vmc2026-track3-sys019-utt313.wav,3.6427228209146647
sys011,utt016,wav/vmc2026-track3-sys011-utt016.wav,wav/vmc2026-track3-sys019-utt015.wav,4.5125172337352275
sys006,utt318,wav/vmc2026-track3-sys006-utt318.wav,wav/vmc2026-track3-sys019-utt317.wav,4.3427371826136945
sys014,utt274,wav/vmc2026-track3-sys014-utt274.wav,wav/vmc2026-track3-sys019-utt273.wav,4.62243510784599
sys008,utt218,wav/vmc2026-track3-sys008-utt218.wav,wav/vmc2026-track3-sys019-utt217.wav,5.0
sys020,utt222,wav/vmc2026-track3-sys020-utt222.wav,wav/vmc2026-track3-sys019-utt221.wav,3.5957969301567188
sys020,utt180,wav/vmc2026-track3-sys020-utt180.wav,wav/vmc2026-track3-sys019-utt179.wav,2.9944354121634875
sys013,utt222,wav/vmc2026-track3-sys013-utt222.wav,wav/vmc2026-track3-sys019-utt221.wav,4.465052881077739
sys002,utt024,wav/vmc2026-track3-sys002-utt024.wav,wav/vmc2026-track3-sys019-utt023.wav,4.377695275166998
sys023,utt074,wav/vmc2026-track3-sys023-utt074.wav,wav/vmc2026-track3-sys019-utt073.wav,4.366273652216751
sys026,utt024,wav/vmc2026-track3-sys026-utt024.wav,wav/vmc2026-track3-sys019-utt023.wav,4.2779373333561495
sys002,utt184,wav/vmc2026-track3-sys002-utt184.wav,wav/vmc2026-track3-sys019-utt183.wav,4.1401328917734
sys017,utt230,wav/vmc2026-track3-sys017-utt230.wav,wav/vmc2026-track3-sys019-utt229.wav,4.7043456237900605
sys006,utt088,wav/vmc2026-track3-sys006-utt088.wav,wav/vmc2026-track3-sys019-utt087.wav,3.60152750458325
sys010,utt200,wav/vmc2026-track3-sys010-utt200.wav,wav/vmc2026-track3-sys019-utt199.wav,4.255486275583402
sys017,utt042,wav/vmc2026-track3-sys017-utt042.wav,wav/vmc2026-track3-sys019-utt041.wav,4.269441958628154
sys025,utt248,wav/vmc2026-track3-sys025-utt248.wav,wav/vmc2026-track3-sys019-utt247.wav,4.186488816671473
sys010,utt034,wav/vmc2026-track3-sys010-utt034.wav,wav/vmc2026-track3-sys019-utt033.wav,3.724627648461274
sys012,utt202,wav/vmc2026-track3-sys012-utt202.wav,wav/vmc2026-track3-sys019-utt201.wav,3.7147363361981625
sys014,utt018,wav/vmc2026-track3-sys014-utt018.wav,wav/vmc2026-track3-sys019-utt017.wav,4.879391907091406
sys026,utt010,wav/vmc2026-track3-sys026-utt010.wav,wav/vmc2026-track3-sys019-utt009.wav,3.8864689454423944
sys023,utt270,wav/vmc2026-track3-sys023-utt270.wav,wav/vmc2026-track3-sys019-utt269.wav,4.337007060460737
sys005,utt016,wav/vmc2026-track3-sys005-utt016.wav,wav/vmc2026-track3-sys019-utt015.wav,3.2376365012231685
sys018,utt114,wav/vmc2026-track3-sys018-utt114.wav,wav/vmc2026-track3-sys019-utt113.wav,3.248054413077318
sys016,utt214,wav/vmc2026-track3-sys016-utt214.wav,wav/vmc2026-track3-sys019-utt213.wav,4.374030094281915
sys002,utt026,wav/vmc2026-track3-sys002-utt026.wav,wav/vmc2026-track3-sys019-utt025.wav,4.197498974199077
sys011,utt068,wav/vmc2026-track3-sys011-utt068.wav,wav/vmc2026-track3-sys019-utt067.wav,4.372988176394906
sys016,utt154,wav/vmc2026-track3-sys016-utt154.wav,wav/vmc2026-track3-sys019-utt153.wav,4.526846293675025
sys001,utt206,wav/vmc2026-track3-sys001-utt206.wav,wav/vmc2026-track3-sys019-utt205.wav,3.450794537149729
sys014,utt214,wav/vmc2026-track3-sys014-utt214.wav,wav/vmc2026-track3-sys019-utt213.wav,4.396309253932954
sys001,utt076,wav/vmc2026-track3-sys001-utt076.wav,wav/vmc2026-track3-sys019-utt075.wav,4.142076838116959
sys007,utt290,wav/vmc2026-track3-sys007-utt290.wav,wav/vmc2026-track3-sys019-utt289.wav,3.8807860696515597
sys014,utt314,wav/vmc2026-track3-sys014-utt314.wav,wav/vmc2026-track3-sys019-utt313.wav,4.105610057339736
sys013,utt266,wav/vmc2026-track3-sys013-utt266.wav,wav/vmc2026-track3-sys019-utt265.wav,3.801695783687933
sys023,utt206,wav/vmc2026-track3-sys023-utt206.wav,wav/vmc2026-track3-sys019-utt205.wav,4.266170747060223
sys006,utt078,wav/vmc2026-track3-sys006-utt078.wav,wav/vmc2026-track3-sys019-utt077.wav,4.681907357266981
sys005,utt272,wav/vmc2026-track3-sys005-utt272.wav,wav/vmc2026-track3-sys019-utt271.wav,3.575520186833717
sys017,utt264,wav/vmc2026-track3-sys017-utt264.wav,wav/vmc2026-track3-sys019-utt263.wav,3.9801328373799896
sys014,utt078,wav/vmc2026-track3-sys014-utt078.wav,wav/vmc2026-track3-sys019-utt077.wav,4.568960110454256
sys020,utt262,wav/vmc2026-track3-sys020-utt262.wav,wav/vmc2026-track3-sys019-utt261.wav,2.940500105889024
sys017,utt148,wav/vmc2026-track3-sys017-utt148.wav,wav/vmc2026-track3-sys019-utt147.wav,3.897915922006808
sys012,utt102,wav/vmc2026-track3-sys012-utt102.wav,wav/vmc2026-track3-sys019-utt101.wav,3.9820906777389355
sys011,utt304,wav/vmc2026-track3-sys011-utt304.wav,wav/vmc2026-track3-sys019-utt303.wav,4.163284811026386
sys009,utt070,wav/vmc2026-track3-sys009-utt070.wav,wav/vmc2026-track3-sys019-utt069.wav,4.265697475524559
sys018,utt156,wav/vmc2026-track3-sys018-utt156.wav,wav/vmc2026-track3-sys019-utt155.wav,3.4361488214112357
sys007,utt272,wav/vmc2026-track3-sys007-utt272.wav,wav/vmc2026-track3-sys019-utt271.wav,3.671328636941897
sys012,utt318,wav/vmc2026-track3-sys012-utt318.wav,wav/vmc2026-track3-sys019-utt317.wav,4.220377568390499
sys025,utt308,wav/vmc2026-track3-sys025-utt308.wav,wav/vmc2026-track3-sys019-utt307.wav,3.8939015294554533
sys001,utt038,wav/vmc2026-track3-sys001-utt038.wav,wav/vmc2026-track3-sys019-utt037.wav,3.8874943690200667
sys023,utt062,wav/vmc2026-track3-sys023-utt062.wav,wav/vmc2026-track3-sys019-utt061.wav,4.173000412780375
sys007,utt218,wav/vmc2026-track3-sys007-utt218.wav,wav/vmc2026-track3-sys019-utt217.wav,3.464291692346875
sys013,utt214,wav/vmc2026-track3-sys013-utt214.wav,wav/vmc2026-track3-sys019-utt213.wav,4.091655095506233
sys011,utt178,wav/vmc2026-track3-sys011-utt178.wav,wav/vmc2026-track3-sys019-utt177.wav,4.341608356856428
sys020,utt186,wav/vmc2026-track3-sys020-utt186.wav,wav/vmc2026-track3-sys019-utt185.wav,3.1683882615094747
sys002,utt042,wav/vmc2026-track3-sys002-utt042.wav,wav/vmc2026-track3-sys019-utt041.wav,4.670692009775386
sys001,utt130,wav/vmc2026-track3-sys001-utt130.wav,wav/vmc2026-track3-sys019-utt129.wav,4.379198280082814
sys013,utt148,wav/vmc2026-track3-sys013-utt148.wav,wav/vmc2026-track3-sys019-utt147.wav,3.9626274099862684
sys010,utt318,wav/vmc2026-track3-sys010-utt318.wav,wav/vmc2026-track3-sys019-utt317.wav,3.9386777145695806
sys016,utt302,wav/vmc2026-track3-sys016-utt302.wav,wav/vmc2026-track3-sys019-utt301.wav,3.484533034642379
sys010,utt236,wav/vmc2026-track3-sys010-utt236.wav,wav/vmc2026-track3-sys019-utt235.wav,3.6756649768101366
sys026,utt298,wav/vmc2026-track3-sys026-utt298.wav,wav/vmc2026-track3-sys019-utt297.wav,4.547708689232014
sys013,utt068,wav/vmc2026-track3-sys013-utt068.wav,wav/vmc2026-track3-sys019-utt067.wav,3.9525423832096074
sys013,utt184,wav/vmc2026-track3-sys013-utt184.wav,wav/vmc2026-track3-sys019-utt183.wav,4.12149504228229
sys002,utt200,wav/vmc2026-track3-sys002-utt200.wav,wav/vmc2026-track3-sys019-utt199.wav,4.529371789700415
sys005,utt228,wav/vmc2026-track3-sys005-utt228.wav,wav/vmc2026-track3-sys019-utt227.wav,3.135364724263137
sys026,utt286,wav/vmc2026-track3-sys026-utt286.wav,wav/vmc2026-track3-sys019-utt285.wav,3.8752172916106606
sys010,utt244,wav/vmc2026-track3-sys010-utt244.wav,wav/vmc2026-track3-sys019-utt243.wav,4.565220977775294
sys014,utt280,wav/vmc2026-track3-sys014-utt280.wav,wav/vmc2026-track3-sys019-utt279.wav,4.7443513659137935
sys001,utt174,wav/vmc2026-track3-sys001-utt174.wav,wav/vmc2026-track3-sys019-utt173.wav,3.278719056426825
sys012,utt248,wav/vmc2026-track3-sys012-utt248.wav,wav/vmc2026-track3-sys019-utt247.wav,4.464663007963404
sys025,utt184,wav/vmc2026-track3-sys025-utt184.wav,wav/vmc2026-track3-sys019-utt183.wav,3.2668834964529947
sys024,utt270,wav/vmc2026-track3-sys024-utt270.wav,wav/vmc2026-track3-sys019-utt269.wav,4.077830581460529
sys010,utt004,wav/vmc2026-track3-sys010-utt004.wav,wav/vmc2026-track3-sys019-utt003.wav,4.030123066082088
sys018,utt044,wav/vmc2026-track3-sys018-utt044.wav,wav/vmc2026-track3-sys019-utt043.wav,3.024914746759042
sys012,utt106,wav/vmc2026-track3-sys012-utt106.wav,wav/vmc2026-track3-sys019-utt105.wav,4.00499463307388
sys013,utt236,wav/vmc2026-track3-sys013-utt236.wav,wav/vmc2026-track3-sys019-utt235.wav,3.8573627309441094
sys007,utt102,wav/vmc2026-track3-sys007-utt102.wav,wav/vmc2026-track3-sys019-utt101.wav,3.7567052902207556
sys007,utt078,wav/vmc2026-track3-sys007-utt078.wav,wav/vmc2026-track3-sys019-utt077.wav,4.1239687193644095
sys024,utt078,wav/vmc2026-track3-sys024-utt078.wav,wav/vmc2026-track3-sys019-utt077.wav,4.242945748418165
sys016,utt016,wav/vmc2026-track3-sys016-utt016.wav,wav/vmc2026-track3-sys019-utt015.wav,4.181095978565708
sys011,utt082,wav/vmc2026-track3-sys011-utt082.wav,wav/vmc2026-track3-sys019-utt081.wav,4.03392589099782
sys014,utt116,wav/vmc2026-track3-sys014-utt116.wav,wav/vmc2026-track3-sys019-utt115.wav,4.239598540066851
sys026,utt076,wav/vmc2026-track3-sys026-utt076.wav,wav/vmc2026-track3-sys019-utt075.wav,4.297002202054719
sys005,utt108,wav/vmc2026-track3-sys005-utt108.wav,wav/vmc2026-track3-sys019-utt107.wav,3.169129818510516
sys008,utt174,wav/vmc2026-track3-sys008-utt174.wav,wav/vmc2026-track3-sys019-utt173.wav,4.461657923974093
sys001,utt152,wav/vmc2026-track3-sys001-utt152.wav,wav/vmc2026-track3-sys019-utt151.wav,4.056195796192255
sys002,utt028,wav/vmc2026-track3-sys002-utt028.wav,wav/vmc2026-track3-sys019-utt027.wav,4.718477043410498
sys024,utt302,wav/vmc2026-track3-sys024-utt302.wav,wav/vmc2026-track3-sys019-utt301.wav,4.2226865563093865
sys023,utt274,wav/vmc2026-track3-sys023-utt274.wav,wav/vmc2026-track3-sys019-utt273.wav,3.4071651379119063
sys011,utt160,wav/vmc2026-track3-sys011-utt160.wav,wav/vmc2026-track3-sys019-utt159.wav,4.313625544982546
sys011,utt020,wav/vmc2026-track3-sys011-utt020.wav,wav/vmc2026-track3-sys019-utt019.wav,4.680519327642792
sys017,utt140,wav/vmc2026-track3-sys017-utt140.wav,wav/vmc2026-track3-sys019-utt139.wav,3.8450146142168813
sys007,utt104,wav/vmc2026-track3-sys007-utt104.wav,wav/vmc2026-track3-sys019-utt103.wav,4.096679135465127
sys013,utt282,wav/vmc2026-track3-sys013-utt282.wav,wav/vmc2026-track3-sys019-utt281.wav,4.047535285902435
sys011,utt204,wav/vmc2026-track3-sys011-utt204.wav,wav/vmc2026-track3-sys019-utt203.wav,4.14850451778623
sys025,utt218,wav/vmc2026-track3-sys025-utt218.wav,wav/vmc2026-track3-sys019-utt217.wav,3.91778305245634
sys008,utt290,wav/vmc2026-track3-sys008-utt290.wav,wav/vmc2026-track3-sys019-utt289.wav,4.923399026595453
sys018,utt130,wav/vmc2026-track3-sys018-utt130.wav,wav/vmc2026-track3-sys019-utt129.wav,3.463955952601564
sys002,utt154,wav/vmc2026-track3-sys002-utt154.wav,wav/vmc2026-track3-sys019-utt153.wav,4.8077974842664695
sys024,utt128,wav/vmc2026-track3-sys024-utt128.wav,wav/vmc2026-track3-sys019-utt127.wav,4.120579890279525
sys012,utt276,wav/vmc2026-track3-sys012-utt276.wav,wav/vmc2026-track3-sys019-utt275.wav,3.632012935616845
sys001,utt024,wav/vmc2026-track3-sys001-utt024.wav,wav/vmc2026-track3-sys019-utt023.wav,4.374830484601899
sys014,utt110,wav/vmc2026-track3-sys014-utt110.wav,wav/vmc2026-track3-sys019-utt109.wav,4.426129700153371
sys002,utt218,wav/vmc2026-track3-sys002-utt218.wav,wav/vmc2026-track3-sys019-utt217.wav,4.6171993773760756
sys022,utt222,wav/vmc2026-track3-sys022-utt222.wav,wav/vmc2026-track3-sys019-utt221.wav,3.878534232000336
sys023,utt150,wav/vmc2026-track3-sys023-utt150.wav,wav/vmc2026-track3-sys019-utt149.wav,4.3134263981352845
sys007,utt024,wav/vmc2026-track3-sys007-utt024.wav,wav/vmc2026-track3-sys019-utt023.wav,4.219016044433335
sys020,utt036,wav/vmc2026-track3-sys020-utt036.wav,wav/vmc2026-track3-sys019-utt035.wav,3.2639249138971462
sys009,utt248,wav/vmc2026-track3-sys009-utt248.wav,wav/vmc2026-track3-sys019-utt247.wav,4.805035278290108
sys008,utt314,wav/vmc2026-track3-sys008-utt314.wav,wav/vmc2026-track3-sys019-utt313.wav,4.436642809406861
sys018,utt028,wav/vmc2026-track3-sys018-utt028.wav,wav/vmc2026-track3-sys019-utt027.wav,3.688369425462992
sys025,utt314,wav/vmc2026-track3-sys025-utt314.wav,wav/vmc2026-track3-sys019-utt313.wav,3.761868517666274
sys007,utt018,wav/vmc2026-track3-sys007-utt018.wav,wav/vmc2026-track3-sys019-utt017.wav,3.7307026642695114
sys016,utt320,wav/vmc2026-track3-sys016-utt320.wav,wav/vmc2026-track3-sys019-utt319.wav,2.382170383974721
sys022,utt082,wav/vmc2026-track3-sys022-utt082.wav,wav/vmc2026-track3-sys019-utt081.wav,3.705590025511792
sys009,utt036,wav/vmc2026-track3-sys009-utt036.wav,wav/vmc2026-track3-sys019-utt035.wav,4.16699396539023
sys022,utt210,wav/vmc2026-track3-sys022-utt210.wav,wav/vmc2026-track3-sys019-utt209.wav,3.878903611658308
sys022,utt130,wav/vmc2026-track3-sys022-utt130.wav,wav/vmc2026-track3-sys019-utt129.wav,4.028368229290102
sys018,utt134,wav/vmc2026-track3-sys018-utt134.wav,wav/vmc2026-track3-sys019-utt133.wav,2.2784341957824457
sys024,utt314,wav/vmc2026-track3-sys024-utt314.wav,wav/vmc2026-track3-sys019-utt313.wav,4.126540364331366
sys007,utt202,wav/vmc2026-track3-sys007-utt202.wav,wav/vmc2026-track3-sys019-utt201.wav,4.296843100083779
sys008,utt208,wav/vmc2026-track3-sys008-utt208.wav,wav/vmc2026-track3-sys019-utt207.wav,4.284936554857756
sys013,utt216,wav/vmc2026-track3-sys013-utt216.wav,wav/vmc2026-track3-sys019-utt215.wav,4.329731585493586
sys018,utt160,wav/vmc2026-track3-sys018-utt160.wav,wav/vmc2026-track3-sys019-utt159.wav,4.006637694156515
sys022,utt112,wav/vmc2026-track3-sys022-utt112.wav,wav/vmc2026-track3-sys019-utt111.wav,3.240025571806135
sys011,utt036,wav/vmc2026-track3-sys011-utt036.wav,wav/vmc2026-track3-sys019-utt035.wav,4.211328815585056
sys018,utt238,wav/vmc2026-track3-sys018-utt238.wav,wav/vmc2026-track3-sys019-utt237.wav,3.6994741972917846
sys026,utt294,wav/vmc2026-track3-sys026-utt294.wav,wav/vmc2026-track3-sys019-utt293.wav,4.934123780787315
sys005,utt246,wav/vmc2026-track3-sys005-utt246.wav,wav/vmc2026-track3-sys019-utt245.wav,3.087638854468362
sys018,utt172,wav/vmc2026-track3-sys018-utt172.wav,wav/vmc2026-track3-sys019-utt171.wav,3.4848009555546327
sys006,utt112,wav/vmc2026-track3-sys006-utt112.wav,wav/vmc2026-track3-sys019-utt111.wav,3.922882890959262
sys008,utt272,wav/vmc2026-track3-sys008-utt272.wav,wav/vmc2026-track3-sys019-utt271.wav,4.684034373268654
sys023,utt316,wav/vmc2026-track3-sys023-utt316.wav,wav/vmc2026-track3-sys019-utt315.wav,4.244679959201934
sys002,utt036,wav/vmc2026-track3-sys002-utt036.wav,wav/vmc2026-track3-sys019-utt035.wav,3.9297010339982865
sys006,utt274,wav/vmc2026-track3-sys006-utt274.wav,wav/vmc2026-track3-sys019-utt273.wav,4.480966455157622
sys022,utt172,wav/vmc2026-track3-sys022-utt172.wav,wav/vmc2026-track3-sys019-utt171.wav,3.802911240302307
sys001,utt128,wav/vmc2026-track3-sys001-utt128.wav,wav/vmc2026-track3-sys019-utt127.wav,4.073534678016651
sys010,utt106,wav/vmc2026-track3-sys010-utt106.wav,wav/vmc2026-track3-sys019-utt105.wav,4.256927025982863
sys023,utt080,wav/vmc2026-track3-sys023-utt080.wav,wav/vmc2026-track3-sys019-utt079.wav,4.081229126852309
sys009,utt146,wav/vmc2026-track3-sys009-utt146.wav,wav/vmc2026-track3-sys019-utt145.wav,4.2878290088530635
sys017,utt314,wav/vmc2026-track3-sys017-utt314.wav,wav/vmc2026-track3-sys019-utt313.wav,3.042854490401793
sys010,utt248,wav/vmc2026-track3-sys010-utt248.wav,wav/vmc2026-track3-sys019-utt247.wav,4.354547816585218
sys008,utt212,wav/vmc2026-track3-sys008-utt212.wav,wav/vmc2026-track3-sys019-utt211.wav,4.892892473077762
sys022,utt108,wav/vmc2026-track3-sys022-utt108.wav,wav/vmc2026-track3-sys019-utt107.wav,4.106952532594503
sys017,utt004,wav/vmc2026-track3-sys017-utt004.wav,wav/vmc2026-track3-sys019-utt003.wav,3.734571333089368
sys022,utt024,wav/vmc2026-track3-sys022-utt024.wav,wav/vmc2026-track3-sys019-utt023.wav,3.727136708960498
sys001,utt146,wav/vmc2026-track3-sys001-utt146.wav,wav/vmc2026-track3-sys019-utt145.wav,3.884461528798592
sys026,utt070,wav/vmc2026-track3-sys026-utt070.wav,wav/vmc2026-track3-sys019-utt069.wav,4.520057488220557
sys024,utt068,wav/vmc2026-track3-sys024-utt068.wav,wav/vmc2026-track3-sys019-utt067.wav,3.774859743370606
sys009,utt230,wav/vmc2026-track3-sys009-utt230.wav,wav/vmc2026-track3-sys019-utt229.wav,4.847079524846698
sys010,utt050,wav/vmc2026-track3-sys010-utt050.wav,wav/vmc2026-track3-sys019-utt049.wav,4.149649369407291
sys018,utt030,wav/vmc2026-track3-sys018-utt030.wav,wav/vmc2026-track3-sys019-utt029.wav,3.7162069318261888
sys018,utt122,wav/vmc2026-track3-sys018-utt122.wav,wav/vmc2026-track3-sys019-utt121.wav,3.435194187931319
sys016,utt300,wav/vmc2026-track3-sys016-utt300.wav,wav/vmc2026-track3-sys019-utt299.wav,4.028365255715427
sys025,utt154,wav/vmc2026-track3-sys025-utt154.wav,wav/vmc2026-track3-sys019-utt153.wav,4.409658360064676
sys025,utt228,wav/vmc2026-track3-sys025-utt228.wav,wav/vmc2026-track3-sys019-utt227.wav,3.323370487496725
sys024,utt244,wav/vmc2026-track3-sys024-utt244.wav,wav/vmc2026-track3-sys019-utt243.wav,4.162565715170857
sys013,utt158,wav/vmc2026-track3-sys013-utt158.wav,wav/vmc2026-track3-sys019-utt157.wav,4.098960808833794
sys008,utt200,wav/vmc2026-track3-sys008-utt200.wav,wav/vmc2026-track3-sys019-utt199.wav,5.0
sys022,utt176,wav/vmc2026-track3-sys022-utt176.wav,wav/vmc2026-track3-sys019-utt175.wav,3.457413317868868
sys013,utt268,wav/vmc2026-track3-sys013-utt268.wav,wav/vmc2026-track3-sys019-utt267.wav,3.966064934643706
sys013,utt180,wav/vmc2026-track3-sys013-utt180.wav,wav/vmc2026-track3-sys019-utt179.wav,4.169198523381383
sys005,utt302,wav/vmc2026-track3-sys005-utt302.wav,wav/vmc2026-track3-sys019-utt301.wav,3.9754313723851014
sys025,utt208,wav/vmc2026-track3-sys025-utt208.wav,wav/vmc2026-track3-sys019-utt207.wav,3.321681384070759
sys023,utt304,wav/vmc2026-track3-sys023-utt304.wav,wav/vmc2026-track3-sys019-utt303.wav,4.488243726847376
sys020,utt300,wav/vmc2026-track3-sys020-utt300.wav,wav/vmc2026-track3-sys019-utt299.wav,3.1430117185159823
sys006,utt144,wav/vmc2026-track3-sys006-utt144.wav,wav/vmc2026-track3-sys019-utt143.wav,3.8087105866765296
sys024,utt088,wav/vmc2026-track3-sys024-utt088.wav,wav/vmc2026-track3-sys019-utt087.wav,3.62533731044293
sys010,utt012,wav/vmc2026-track3-sys010-utt012.wav,wav/vmc2026-track3-sys019-utt011.wav,4.027024881594645
sys005,utt008,wav/vmc2026-track3-sys005-utt008.wav,wav/vmc2026-track3-sys019-utt007.wav,3.4616619928517185
sys007,utt312,wav/vmc2026-track3-sys007-utt312.wav,wav/vmc2026-track3-sys019-utt311.wav,3.7872219915116885
sys012,utt174,wav/vmc2026-track3-sys012-utt174.wav,wav/vmc2026-track3-sys019-utt173.wav,3.3924686948672087
sys011,utt224,wav/vmc2026-track3-sys011-utt224.wav,wav/vmc2026-track3-sys019-utt223.wav,4.639533410976568
sys009,utt178,wav/vmc2026-track3-sys009-utt178.wav,wav/vmc2026-track3-sys019-utt177.wav,4.196368455305647
sys005,utt068,wav/vmc2026-track3-sys005-utt068.wav,wav/vmc2026-track3-sys019-utt067.wav,3.298696919270469
sys007,utt306,wav/vmc2026-track3-sys007-utt306.wav,wav/vmc2026-track3-sys019-utt305.wav,3.6173079647607658
sys013,utt202,wav/vmc2026-track3-sys013-utt202.wav,wav/vmc2026-track3-sys019-utt201.wav,4.223366321504193
sys014,utt296,wav/vmc2026-track3-sys014-utt296.wav,wav/vmc2026-track3-sys019-utt295.wav,4.754386812099809
sys014,utt144,wav/vmc2026-track3-sys014-utt144.wav,wav/vmc2026-track3-sys019-utt143.wav,3.8665334502378346
sys008,utt048,wav/vmc2026-track3-sys008-utt048.wav,wav/vmc2026-track3-sys019-utt047.wav,4.577559803492882
sys007,utt198,wav/vmc2026-track3-sys007-utt198.wav,wav/vmc2026-track3-sys019-utt197.wav,4.063210416813413
sys018,utt116,wav/vmc2026-track3-sys018-utt116.wav,wav/vmc2026-track3-sys019-utt115.wav,2.9947503038284493
sys016,utt014,wav/vmc2026-track3-sys016-utt014.wav,wav/vmc2026-track3-sys019-utt013.wav,3.910048593434816
sys010,utt178,wav/vmc2026-track3-sys010-utt178.wav,wav/vmc2026-track3-sys019-utt177.wav,4.109587996535862
sys023,utt046,wav/vmc2026-track3-sys023-utt046.wav,wav/vmc2026-track3-sys019-utt045.wav,4.674671610501357
sys014,utt004,wav/vmc2026-track3-sys014-utt004.wav,wav/vmc2026-track3-sys019-utt003.wav,4.549768053267689
sys020,utt152,wav/vmc2026-track3-sys020-utt152.wav,wav/vmc2026-track3-sys019-utt151.wav,3.7839797236798116
sys025,utt004,wav/vmc2026-track3-sys025-utt004.wav,wav/vmc2026-track3-sys019-utt003.wav,3.8276383506135967
sys010,utt090,wav/vmc2026-track3-sys010-utt090.wav,wav/vmc2026-track3-sys019-utt089.wav,3.7498740333490117
sys013,utt294,wav/vmc2026-track3-sys013-utt294.wav,wav/vmc2026-track3-sys019-utt293.wav,4.559532808667017
sys016,utt010,wav/vmc2026-track3-sys016-utt010.wav,wav/vmc2026-track3-sys019-utt009.wav,4.062066472666169
sys007,utt076,wav/vmc2026-track3-sys007-utt076.wav,wav/vmc2026-track3-sys019-utt075.wav,3.8523770299131357
sys020,utt318,wav/vmc2026-track3-sys020-utt318.wav,wav/vmc2026-track3-sys019-utt317.wav,3.022011132266784
sys006,utt244,wav/vmc2026-track3-sys006-utt244.wav,wav/vmc2026-track3-sys019-utt243.wav,4.567571976867783
sys009,utt072,wav/vmc2026-track3-sys009-utt072.wav,wav/vmc2026-track3-sys019-utt071.wav,4.675577441317178
sys024,utt048,wav/vmc2026-track3-sys024-utt048.wav,wav/vmc2026-track3-sys019-utt047.wav,4.257307264433402
sys005,utt316,wav/vmc2026-track3-sys005-utt316.wav,wav/vmc2026-track3-sys019-utt315.wav,3.2288699215035264
sys022,utt122,wav/vmc2026-track3-sys022-utt122.wav,wav/vmc2026-track3-sys019-utt121.wav,3.6849059265123385
sys014,utt106,wav/vmc2026-track3-sys014-utt106.wav,wav/vmc2026-track3-sys019-utt105.wav,4.5531642776843135
sys011,utt132,wav/vmc2026-track3-sys011-utt132.wav,wav/vmc2026-track3-sys019-utt131.wav,4.308858555690286
sys006,utt194,wav/vmc2026-track3-sys006-utt194.wav,wav/vmc2026-track3-sys019-utt193.wav,4.0998817142325645
sys011,utt276,wav/vmc2026-track3-sys011-utt276.wav,wav/vmc2026-track3-sys019-utt275.wav,4.150035620395059
sys006,utt208,wav/vmc2026-track3-sys006-utt208.wav,wav/vmc2026-track3-sys019-utt207.wav,3.731936422404944
sys022,utt068,wav/vmc2026-track3-sys022-utt068.wav,wav/vmc2026-track3-sys019-utt067.wav,3.646045354697942
sys014,utt202,wav/vmc2026-track3-sys014-utt202.wav,wav/vmc2026-track3-sys019-utt201.wav,4.2484840365829095
sys017,utt132,wav/vmc2026-track3-sys017-utt132.wav,wav/vmc2026-track3-sys019-utt131.wav,3.8996427427099443
sys023,utt034,wav/vmc2026-track3-sys023-utt034.wav,wav/vmc2026-track3-sys019-utt033.wav,4.417900006593359
sys002,utt312,wav/vmc2026-track3-sys002-utt312.wav,wav/vmc2026-track3-sys019-utt311.wav,4.576164681484212
sys010,utt156,wav/vmc2026-track3-sys010-utt156.wav,wav/vmc2026-track3-sys019-utt155.wav,4.5277787729614065
sys026,utt046,wav/vmc2026-track3-sys026-utt046.wav,wav/vmc2026-track3-sys019-utt045.wav,3.8831623162161084
sys010,utt182,wav/vmc2026-track3-sys010-utt182.wav,wav/vmc2026-track3-sys019-utt181.wav,3.7552431618188677
sys007,utt068,wav/vmc2026-track3-sys007-utt068.wav,wav/vmc2026-track3-sys019-utt067.wav,3.7676086390054695
sys008,utt300,wav/vmc2026-track3-sys008-utt300.wav,wav/vmc2026-track3-sys019-utt299.wav,4.933884303315679
sys018,utt204,wav/vmc2026-track3-sys018-utt204.wav,wav/vmc2026-track3-sys019-utt203.wav,2.5494915620332916
sys017,utt216,wav/vmc2026-track3-sys017-utt216.wav,wav/vmc2026-track3-sys019-utt215.wav,4.41778792381797
sys025,utt212,wav/vmc2026-track3-sys025-utt212.wav,wav/vmc2026-track3-sys019-utt211.wav,3.6625862356472267
sys016,utt174,wav/vmc2026-track3-sys016-utt174.wav,wav/vmc2026-track3-sys019-utt173.wav,3.6109242676183975
sys016,utt042,wav/vmc2026-track3-sys016-utt042.wav,wav/vmc2026-track3-sys019-utt041.wav,3.9776645945482403
sys013,utt112,wav/vmc2026-track3-sys013-utt112.wav,wav/vmc2026-track3-sys019-utt111.wav,3.3229140030010105
sys005,utt090,wav/vmc2026-track3-sys005-utt090.wav,wav/vmc2026-track3-sys019-utt089.wav,3.2068159989997325
sys024,utt064,wav/vmc2026-track3-sys024-utt064.wav,wav/vmc2026-track3-sys019-utt063.wav,4.3270535508984
sys025,utt008,wav/vmc2026-track3-sys025-utt008.wav,wav/vmc2026-track3-sys019-utt007.wav,3.8887026038323818
sys026,utt264,wav/vmc2026-track3-sys026-utt264.wav,wav/vmc2026-track3-sys019-utt263.wav,4.251628016103777
sys022,utt116,wav/vmc2026-track3-sys022-utt116.wav,wav/vmc2026-track3-sys019-utt115.wav,2.9413247120161774
sys016,utt030,wav/vmc2026-track3-sys016-utt030.wav,wav/vmc2026-track3-sys019-utt029.wav,3.795040627427404
sys006,utt132,wav/vmc2026-track3-sys006-utt132.wav,wav/vmc2026-track3-sys019-utt131.wav,4.083319725900267
sys020,utt150,wav/vmc2026-track3-sys020-utt150.wav,wav/vmc2026-track3-sys019-utt149.wav,3.7759940480585543
sys020,utt290,wav/vmc2026-track3-sys020-utt290.wav,wav/vmc2026-track3-sys019-utt289.wav,2.977657186054375
sys005,utt216,wav/vmc2026-track3-sys005-utt216.wav,wav/vmc2026-track3-sys019-utt215.wav,3.5946599641261505
sys017,utt022,wav/vmc2026-track3-sys017-utt022.wav,wav/vmc2026-track3-sys019-utt021.wav,3.9589193809072554
sys020,utt088,wav/vmc2026-track3-sys020-utt088.wav,wav/vmc2026-track3-sys019-utt087.wav,3.20286790042838
sys016,utt088,wav/vmc2026-track3-sys016-utt088.wav,wav/vmc2026-track3-sys019-utt087.wav,3.451110303902109
sys017,utt220,wav/vmc2026-track3-sys017-utt220.wav,wav/vmc2026-track3-sys019-utt219.wav,4.187209647183131
sys011,utt308,wav/vmc2026-track3-sys011-utt308.wav,wav/vmc2026-track3-sys019-utt307.wav,4.557152517558433
sys025,utt072,wav/vmc2026-track3-sys025-utt072.wav,wav/vmc2026-track3-sys019-utt071.wav,3.7636108835189304
sys002,utt084,wav/vmc2026-track3-sys002-utt084.wav,wav/vmc2026-track3-sys019-utt083.wav,4.3283878321738465
sys018,utt272,wav/vmc2026-track3-sys018-utt272.wav,wav/vmc2026-track3-sys019-utt271.wav,4.0727212078521
sys006,utt158,wav/vmc2026-track3-sys006-utt158.wav,wav/vmc2026-track3-sys019-utt157.wav,4.536999173427
sys006,utt248,wav/vmc2026-track3-sys006-utt248.wav,wav/vmc2026-track3-sys019-utt247.wav,4.8482763609141895
sys007,utt226,wav/vmc2026-track3-sys007-utt226.wav,wav/vmc2026-track3-sys019-utt225.wav,3.4804015879768326
sys009,utt276,wav/vmc2026-track3-sys009-utt276.wav,wav/vmc2026-track3-sys019-utt275.wav,4.948312445953145
sys006,utt178,wav/vmc2026-track3-sys006-utt178.wav,wav/vmc2026-track3-sys019-utt177.wav,3.9015416471514275
sys001,utt268,wav/vmc2026-track3-sys001-utt268.wav,wav/vmc2026-track3-sys019-utt267.wav,3.843739889799951
sys017,utt036,wav/vmc2026-track3-sys017-utt036.wav,wav/vmc2026-track3-sys019-utt035.wav,3.70382017485897
sys009,utt114,wav/vmc2026-track3-sys009-utt114.wav,wav/vmc2026-track3-sys019-utt113.wav,4.344650605747726
sys024,utt138,wav/vmc2026-track3-sys024-utt138.wav,wav/vmc2026-track3-sys019-utt137.wav,3.6389546488509668
sys017,utt020,wav/vmc2026-track3-sys017-utt020.wav,wav/vmc2026-track3-sys019-utt019.wav,3.6488608406651064
sys001,utt072,wav/vmc2026-track3-sys001-utt072.wav,wav/vmc2026-track3-sys019-utt071.wav,3.9322964316085516
sys025,utt294,wav/vmc2026-track3-sys025-utt294.wav,wav/vmc2026-track3-sys019-utt293.wav,4.469783489157157
sys016,utt152,wav/vmc2026-track3-sys016-utt152.wav,wav/vmc2026-track3-sys019-utt151.wav,4.145370143229222
sys020,utt172,wav/vmc2026-track3-sys020-utt172.wav,wav/vmc2026-track3-sys019-utt171.wav,2.819657687090666
sys011,utt046,wav/vmc2026-track3-sys011-utt046.wav,wav/vmc2026-track3-sys019-utt045.wav,3.9884749033069142
sys023,utt174,wav/vmc2026-track3-sys023-utt174.wav,wav/vmc2026-track3-sys019-utt173.wav,4.633186584177634
sys009,utt128,wav/vmc2026-track3-sys009-utt128.wav,wav/vmc2026-track3-sys019-utt127.wav,4.418539749962881
sys024,utt144,wav/vmc2026-track3-sys024-utt144.wav,wav/vmc2026-track3-sys019-utt143.wav,3.890049947901105
sys009,utt320,wav/vmc2026-track3-sys009-utt320.wav,wav/vmc2026-track3-sys019-utt319.wav,4.560912657460686
sys005,utt066,wav/vmc2026-track3-sys005-utt066.wav,wav/vmc2026-track3-sys019-utt065.wav,3.26102710018397
sys020,utt026,wav/vmc2026-track3-sys020-utt026.wav,wav/vmc2026-track3-sys019-utt025.wav,3.2027807534727657
sys022,utt090,wav/vmc2026-track3-sys022-utt090.wav,wav/vmc2026-track3-sys019-utt089.wav,4.115450774911256
sys012,utt246,wav/vmc2026-track3-sys012-utt246.wav,wav/vmc2026-track3-sys019-utt245.wav,4.150944156506304
sys007,utt156,wav/vmc2026-track3-sys007-utt156.wav,wav/vmc2026-track3-sys019-utt155.wav,3.9300197541143342
sys026,utt196,wav/vmc2026-track3-sys026-utt196.wav,wav/vmc2026-track3-sys019-utt195.wav,4.196923661449203
sys002,utt144,wav/vmc2026-track3-sys002-utt144.wav,wav/vmc2026-track3-sys019-utt143.wav,3.8380849709019627
sys008,utt114,wav/vmc2026-track3-sys008-utt114.wav,wav/vmc2026-track3-sys019-utt113.wav,4.129030135695297
sys010,utt140,wav/vmc2026-track3-sys010-utt140.wav,wav/vmc2026-track3-sys019-utt139.wav,3.196655938936493
sys012,utt176,wav/vmc2026-track3-sys012-utt176.wav,wav/vmc2026-track3-sys019-utt175.wav,3.470212530148445
sys016,utt028,wav/vmc2026-track3-sys016-utt028.wav,wav/vmc2026-track3-sys019-utt027.wav,3.6868149988938064
sys025,utt276,wav/vmc2026-track3-sys025-utt276.wav,wav/vmc2026-track3-sys019-utt275.wav,4.133358610871091
sys012,utt208,wav/vmc2026-track3-sys012-utt208.wav,wav/vmc2026-track3-sys019-utt207.wav,3.57162374818853
sys008,utt196,wav/vmc2026-track3-sys008-utt196.wav,wav/vmc2026-track3-sys019-utt195.wav,4.969777778822162
sys008,utt204,wav/vmc2026-track3-sys008-utt204.wav,wav/vmc2026-track3-sys019-utt203.wav,4.63366097584365
sys005,utt290,wav/vmc2026-track3-sys005-utt290.wav,wav/vmc2026-track3-sys019-utt289.wav,3.576625946796411
sys017,utt158,wav/vmc2026-track3-sys017-utt158.wav,wav/vmc2026-track3-sys019-utt157.wav,4.448139733375723
sys002,utt068,wav/vmc2026-track3-sys002-utt068.wav,wav/vmc2026-track3-sys019-utt067.wav,4.644105931567651
sys009,utt198,wav/vmc2026-track3-sys009-utt198.wav,wav/vmc2026-track3-sys019-utt197.wav,4.564911080693266
sys025,utt246,wav/vmc2026-track3-sys025-utt246.wav,wav/vmc2026-track3-sys019-utt245.wav,4.168370412518743
sys001,utt186,wav/vmc2026-track3-sys001-utt186.wav,wav/vmc2026-track3-sys019-utt185.wav,4.046785019018481
sys014,utt082,wav/vmc2026-track3-sys014-utt082.wav,wav/vmc2026-track3-sys019-utt081.wav,4.257134714639447
sys025,utt138,wav/vmc2026-track3-sys025-utt138.wav,wav/vmc2026-track3-sys019-utt137.wav,3.450925702102138
sys005,utt226,wav/vmc2026-track3-sys005-utt226.wav,wav/vmc2026-track3-sys019-utt225.wav,3.2566675576489046
sys016,utt072,wav/vmc2026-track3-sys016-utt072.wav,wav/vmc2026-track3-sys019-utt071.wav,4.193591264871614
sys025,utt266,wav/vmc2026-track3-sys025-utt266.wav,wav/vmc2026-track3-sys019-utt265.wav,3.422600783488059
sys005,utt140,wav/vmc2026-track3-sys005-utt140.wav,wav/vmc2026-track3-sys019-utt139.wav,3.471790624473349
sys012,utt298,wav/vmc2026-track3-sys012-utt298.wav,wav/vmc2026-track3-sys019-utt297.wav,3.544670115709439
sys020,utt230,wav/vmc2026-track3-sys020-utt230.wav,wav/vmc2026-track3-sys019-utt229.wav,3.2056682584307934
sys011,utt280,wav/vmc2026-track3-sys011-utt280.wav,wav/vmc2026-track3-sys019-utt279.wav,4.348676319562243
sys025,utt232,wav/vmc2026-track3-sys025-utt232.wav,wav/vmc2026-track3-sys019-utt231.wav,3.6771912285017807
sys009,utt026,wav/vmc2026-track3-sys009-utt026.wav,wav/vmc2026-track3-sys019-utt025.wav,4.124424889301627
sys008,utt008,wav/vmc2026-track3-sys008-utt008.wav,wav/vmc2026-track3-sys019-utt007.wav,4.630433196260498
sys017,utt012,wav/vmc2026-track3-sys017-utt012.wav,wav/vmc2026-track3-sys019-utt011.wav,4.256749605155289
sys001,utt068,wav/vmc2026-track3-sys001-utt068.wav,wav/vmc2026-track3-sys019-utt067.wav,3.817174481537444
sys018,utt152,wav/vmc2026-track3-sys018-utt152.wav,wav/vmc2026-track3-sys019-utt151.wav,3.5257999980301977
sys014,utt134,wav/vmc2026-track3-sys014-utt134.wav,wav/vmc2026-track3-sys019-utt133.wav,4.092574091734333
sys026,utt064,wav/vmc2026-track3-sys026-utt064.wav,wav/vmc2026-track3-sys019-utt063.wav,4.3541870929409425
sys016,utt204,wav/vmc2026-track3-sys016-utt204.wav,wav/vmc2026-track3-sys019-utt203.wav,3.613919570416243
sys012,utt306,wav/vmc2026-track3-sys012-utt306.wav,wav/vmc2026-track3-sys019-utt305.wav,3.765004109238714
sys005,utt282,wav/vmc2026-track3-sys005-utt282.wav,wav/vmc2026-track3-sys019-utt281.wav,3.5838936802844046
sys011,utt014,wav/vmc2026-track3-sys011-utt014.wav,wav/vmc2026-track3-sys019-utt013.wav,4.509758316493655
sys025,utt306,wav/vmc2026-track3-sys025-utt306.wav,wav/vmc2026-track3-sys019-utt305.wav,4.264453130871361
sys001,utt182,wav/vmc2026-track3-sys001-utt182.wav,wav/vmc2026-track3-sys019-utt181.wav,3.9038400413864918
sys007,utt116,wav/vmc2026-track3-sys007-utt116.wav,wav/vmc2026-track3-sys019-utt115.wav,3.863875891498344
sys025,utt074,wav/vmc2026-track3-sys025-utt074.wav,wav/vmc2026-track3-sys019-utt073.wav,3.969799844900434
sys016,utt314,wav/vmc2026-track3-sys016-utt314.wav,wav/vmc2026-track3-sys019-utt313.wav,3.252044647849384
sys006,utt148,wav/vmc2026-track3-sys006-utt148.wav,wav/vmc2026-track3-sys019-utt147.wav,4.2075738375024105
sys020,utt158,wav/vmc2026-track3-sys020-utt158.wav,wav/vmc2026-track3-sys019-utt157.wav,4.020590641610847
sys013,utt310,wav/vmc2026-track3-sys013-utt310.wav,wav/vmc2026-track3-sys019-utt309.wav,4.1602700966774435
sys005,utt020,wav/vmc2026-track3-sys005-utt020.wav,wav/vmc2026-track3-sys019-utt019.wav,3.3202731741036113
sys005,utt230,wav/vmc2026-track3-sys005-utt230.wav,wav/vmc2026-track3-sys019-utt229.wav,3.1859812654752697
sys017,utt250,wav/vmc2026-track3-sys017-utt250.wav,wav/vmc2026-track3-sys019-utt249.wav,4.2048717810567195
sys020,utt176,wav/vmc2026-track3-sys020-utt176.wav,wav/vmc2026-track3-sys019-utt175.wav,2.792851336391517
sys006,utt140,wav/vmc2026-track3-sys006-utt140.wav,wav/vmc2026-track3-sys019-utt139.wav,4.136616146969528
sys011,utt214,wav/vmc2026-track3-sys011-utt214.wav,wav/vmc2026-track3-sys019-utt213.wav,4.1109779641588435
sys020,utt082,wav/vmc2026-track3-sys020-utt082.wav,wav/vmc2026-track3-sys019-utt081.wav,2.4649499567513096
sys026,utt124,wav/vmc2026-track3-sys026-utt124.wav,wav/vmc2026-track3-sys019-utt123.wav,4.498727023937681
sys013,utt292,wav/vmc2026-track3-sys013-utt292.wav,wav/vmc2026-track3-sys019-utt291.wav,3.953900468281736
sys025,utt114,wav/vmc2026-track3-sys025-utt114.wav,wav/vmc2026-track3-sys019-utt113.wav,3.8557397140036533
sys016,utt034,wav/vmc2026-track3-sys016-utt034.wav,wav/vmc2026-track3-sys019-utt033.wav,3.5095966269889907
sys002,utt174,wav/vmc2026-track3-sys002-utt174.wav,wav/vmc2026-track3-sys019-utt173.wav,4.495969328677782
sys013,utt080,wav/vmc2026-track3-sys013-utt080.wav,wav/vmc2026-track3-sys019-utt079.wav,4.393812792782696
sys013,utt018,wav/vmc2026-track3-sys013-utt018.wav,wav/vmc2026-track3-sys019-utt017.wav,4.145918809906426
sys018,utt310,wav/vmc2026-track3-sys018-utt310.wav,wav/vmc2026-track3-sys019-utt309.wav,3.2335551379815928
sys018,utt148,wav/vmc2026-track3-sys018-utt148.wav,wav/vmc2026-track3-sys019-utt147.wav,3.6166907325330553
sys026,utt234,wav/vmc2026-track3-sys026-utt234.wav,wav/vmc2026-track3-sys019-utt233.wav,3.931972615160661
sys012,utt244,wav/vmc2026-track3-sys012-utt244.wav,wav/vmc2026-track3-sys019-utt243.wav,4.476236947593329
sys002,utt090,wav/vmc2026-track3-sys002-utt090.wav,wav/vmc2026-track3-sys019-utt089.wav,4.139755842982013
sys022,utt062,wav/vmc2026-track3-sys022-utt062.wav,wav/vmc2026-track3-sys019-utt061.wav,3.56054731407346
sys012,utt312,wav/vmc2026-track3-sys012-utt312.wav,wav/vmc2026-track3-sys019-utt311.wav,4.185980688011479
sys010,utt214,wav/vmc2026-track3-sys010-utt214.wav,wav/vmc2026-track3-sys019-utt213.wav,4.473509353024414
sys018,utt078,wav/vmc2026-track3-sys018-utt078.wav,wav/vmc2026-track3-sys019-utt077.wav,3.8472705113171317
sys014,utt176,wav/vmc2026-track3-sys014-utt176.wav,wav/vmc2026-track3-sys019-utt175.wav,4.186462880085008
sys014,utt088,wav/vmc2026-track3-sys014-utt088.wav,wav/vmc2026-track3-sys019-utt087.wav,3.9591608468289614
sys010,utt072,wav/vmc2026-track3-sys010-utt072.wav,wav/vmc2026-track3-sys019-utt071.wav,4.14043710499897
sys018,utt018,wav/vmc2026-track3-sys018-utt018.wav,wav/vmc2026-track3-sys019-utt017.wav,4.060837454207154
sys022,utt304,wav/vmc2026-track3-sys022-utt304.wav,wav/vmc2026-track3-sys019-utt303.wav,3.6896049625593714
sys016,utt192,wav/vmc2026-track3-sys016-utt192.wav,wav/vmc2026-track3-sys019-utt191.wav,4.3258773541024444
sys009,utt154,wav/vmc2026-track3-sys009-utt154.wav,wav/vmc2026-track3-sys019-utt153.wav,4.333237392020256
sys014,utt220,wav/vmc2026-track3-sys014-utt220.wav,wav/vmc2026-track3-sys019-utt219.wav,4.064458656172862
sys014,utt048,wav/vmc2026-track3-sys014-utt048.wav,wav/vmc2026-track3-sys019-utt047.wav,4.336972691371649
sys022,utt142,wav/vmc2026-track3-sys022-utt142.wav,wav/vmc2026-track3-sys019-utt141.wav,3.8473195904562596
sys008,utt090,wav/vmc2026-track3-sys008-utt090.wav,wav/vmc2026-track3-sys019-utt089.wav,4.388702768463683
sys026,utt038,wav/vmc2026-track3-sys026-utt038.wav,wav/vmc2026-track3-sys019-utt037.wav,4.094490956944452
sys018,utt222,wav/vmc2026-track3-sys018-utt222.wav,wav/vmc2026-track3-sys019-utt221.wav,2.9737675827497108
sys018,utt198,wav/vmc2026-track3-sys018-utt198.wav,wav/vmc2026-track3-sys019-utt197.wav,3.7876641749751476
sys008,utt018,wav/vmc2026-track3-sys008-utt018.wav,wav/vmc2026-track3-sys019-utt017.wav,4.7906603767931975
sys024,utt136,wav/vmc2026-track3-sys024-utt136.wav,wav/vmc2026-track3-sys019-utt135.wav,3.494256496115837
sys013,utt152,wav/vmc2026-track3-sys013-utt152.wav,wav/vmc2026-track3-sys019-utt151.wav,4.168715521274741
sys014,utt044,wav/vmc2026-track3-sys014-utt044.wav,wav/vmc2026-track3-sys019-utt043.wav,4.361116080802731
sys017,utt062,wav/vmc2026-track3-sys017-utt062.wav,wav/vmc2026-track3-sys019-utt061.wav,3.275184057461797
sys014,utt224,wav/vmc2026-track3-sys014-utt224.wav,wav/vmc2026-track3-sys019-utt223.wav,4.368360622123905
sys022,utt308,wav/vmc2026-track3-sys022-utt308.wav,wav/vmc2026-track3-sys019-utt307.wav,3.6851612085179823
sys018,utt070,wav/vmc2026-track3-sys018-utt070.wav,wav/vmc2026-track3-sys019-utt069.wav,3.513603731231518
sys009,utt068,wav/vmc2026-track3-sys009-utt068.wav,wav/vmc2026-track3-sys019-utt067.wav,4.84673854880113
sys007,utt230,wav/vmc2026-track3-sys007-utt230.wav,wav/vmc2026-track3-sys019-utt229.wav,3.9900639878639
sys024,utt198,wav/vmc2026-track3-sys024-utt198.wav,wav/vmc2026-track3-sys019-utt197.wav,3.989402683625858
sys007,utt010,wav/vmc2026-track3-sys007-utt010.wav,wav/vmc2026-track3-sys019-utt009.wav,4.023451336773863
sys016,utt290,wav/vmc2026-track3-sys016-utt290.wav,wav/vmc2026-track3-sys019-utt289.wav,4.064028121613265
sys005,utt034,wav/vmc2026-track3-sys005-utt034.wav,wav/vmc2026-track3-sys019-utt033.wav,3.3379020654522864
sys001,utt234,wav/vmc2026-track3-sys001-utt234.wav,wav/vmc2026-track3-sys019-utt233.wav,4.166963983546649
sys006,utt152,wav/vmc2026-track3-sys006-utt152.wav,wav/vmc2026-track3-sys019-utt151.wav,4.593401504962562
sys022,utt276,wav/vmc2026-track3-sys022-utt276.wav,wav/vmc2026-track3-sys019-utt275.wav,4.250081138118563
sys026,utt178,wav/vmc2026-track3-sys026-utt178.wav,wav/vmc2026-track3-sys019-utt177.wav,3.609926854175572
sys024,utt182,wav/vmc2026-track3-sys024-utt182.wav,wav/vmc2026-track3-sys019-utt181.wav,4.053472194480672
sys012,utt066,wav/vmc2026-track3-sys012-utt066.wav,wav/vmc2026-track3-sys019-utt065.wav,4.355555451484203
sys017,utt278,wav/vmc2026-track3-sys017-utt278.wav,wav/vmc2026-track3-sys019-utt277.wav,4.067908361350361
sys010,utt078,wav/vmc2026-track3-sys010-utt078.wav,wav/vmc2026-track3-sys019-utt077.wav,4.100706721157487
sys007,utt150,wav/vmc2026-track3-sys007-utt150.wav,wav/vmc2026-track3-sys019-utt149.wav,3.4279868378439398
sys002,utt066,wav/vmc2026-track3-sys002-utt066.wav,wav/vmc2026-track3-sys019-utt065.wav,5.0
sys013,utt132,wav/vmc2026-track3-sys013-utt132.wav,wav/vmc2026-track3-sys019-utt131.wav,3.9283072117971223
sys023,utt198,wav/vmc2026-track3-sys023-utt198.wav,wav/vmc2026-track3-sys019-utt197.wav,4.34400095262974
sys013,utt208,wav/vmc2026-track3-sys013-utt208.wav,wav/vmc2026-track3-sys019-utt207.wav,4.080864158425029
sys011,utt232,wav/vmc2026-track3-sys011-utt232.wav,wav/vmc2026-track3-sys019-utt231.wav,3.863324844567353
sys010,utt184,wav/vmc2026-track3-sys010-utt184.wav,wav/vmc2026-track3-sys019-utt183.wav,4.215152726233772
sys022,utt232,wav/vmc2026-track3-sys022-utt232.wav,wav/vmc2026-track3-sys019-utt231.wav,3.8957919923322684
sys009,utt012,wav/vmc2026-track3-sys009-utt012.wav,wav/vmc2026-track3-sys019-utt011.wav,5.0
sys012,utt264,wav/vmc2026-track3-sys012-utt264.wav,wav/vmc2026-track3-sys019-utt263.wav,3.7997999833928318
sys020,utt084,wav/vmc2026-track3-sys020-utt084.wav,wav/vmc2026-track3-sys019-utt083.wav,2.7658235869855265
sys024,utt306,wav/vmc2026-track3-sys024-utt306.wav,wav/vmc2026-track3-sys019-utt305.wav,4.0904908401697835
sys006,utt020,wav/vmc2026-track3-sys006-utt020.wav,wav/vmc2026-track3-sys019-utt019.wav,4.476289362061305
sys011,utt274,wav/vmc2026-track3-sys011-utt274.wav,wav/vmc2026-track3-sys019-utt273.wav,4.645785529267613
sys010,utt196,wav/vmc2026-track3-sys010-utt196.wav,wav/vmc2026-track3-sys019-utt195.wav,3.8008955269106908
sys011,utt130,wav/vmc2026-track3-sys011-utt130.wav,wav/vmc2026-track3-sys019-utt129.wav,4.581086715235189
sys013,utt284,wav/vmc2026-track3-sys013-utt284.wav,wav/vmc2026-track3-sys019-utt283.wav,4.0352236568842565
sys002,utt270,wav/vmc2026-track3-sys002-utt270.wav,wav/vmc2026-track3-sys019-utt269.wav,4.45993875533495
sys002,utt034,wav/vmc2026-track3-sys002-utt034.wav,wav/vmc2026-track3-sys019-utt033.wav,4.07012474098313
sys023,utt030,wav/vmc2026-track3-sys023-utt030.wav,wav/vmc2026-track3-sys019-utt029.wav,4.666646625162348
sys026,utt102,wav/vmc2026-track3-sys026-utt102.wav,wav/vmc2026-track3-sys019-utt101.wav,3.910539098890663
sys020,utt004,wav/vmc2026-track3-sys020-utt004.wav,wav/vmc2026-track3-sys019-utt003.wav,3.4221084908362926
sys010,utt308,wav/vmc2026-track3-sys010-utt308.wav,wav/vmc2026-track3-sys019-utt307.wav,3.560943867838438
sys012,utt320,wav/vmc2026-track3-sys012-utt320.wav,wav/vmc2026-track3-sys019-utt319.wav,3.847445236733796
sys025,utt268,wav/vmc2026-track3-sys025-utt268.wav,wav/vmc2026-track3-sys019-utt267.wav,3.8299335477268883
sys008,utt284,wav/vmc2026-track3-sys008-utt284.wav,wav/vmc2026-track3-sys019-utt283.wav,5.0
sys002,utt290,wav/vmc2026-track3-sys002-utt290.wav,wav/vmc2026-track3-sys019-utt289.wav,4.890734461044709
sys016,utt176,wav/vmc2026-track3-sys016-utt176.wav,wav/vmc2026-track3-sys019-utt175.wav,3.816879288565535
sys013,utt196,wav/vmc2026-track3-sys013-utt196.wav,wav/vmc2026-track3-sys019-utt195.wav,4.505029151128369
sys010,utt222,wav/vmc2026-track3-sys010-utt222.wav,wav/vmc2026-track3-sys019-utt221.wav,4.211305585364418
sys020,utt246,wav/vmc2026-track3-sys020-utt246.wav,wav/vmc2026-track3-sys019-utt245.wav,3.326038187442198
sys009,utt262,wav/vmc2026-track3-sys009-utt262.wav,wav/vmc2026-track3-sys019-utt261.wav,4.803010876709222
sys024,utt224,wav/vmc2026-track3-sys024-utt224.wav,wav/vmc2026-track3-sys019-utt223.wav,4.479409800059682
sys026,utt110,wav/vmc2026-track3-sys026-utt110.wav,wav/vmc2026-track3-sys019-utt109.wav,4.206590697173985
sys011,utt206,wav/vmc2026-track3-sys011-utt206.wav,wav/vmc2026-track3-sys019-utt205.wav,4.548296798141958
sys016,utt242,wav/vmc2026-track3-sys016-utt242.wav,wav/vmc2026-track3-sys019-utt241.wav,4.3212416414359165
sys007,utt002,wav/vmc2026-track3-sys007-utt002.wav,wav/vmc2026-track3-sys019-utt001.wav,4.004750302487465
sys014,utt026,wav/vmc2026-track3-sys014-utt026.wav,wav/vmc2026-track3-sys019-utt025.wav,4.552853514413814
sys024,utt026,wav/vmc2026-track3-sys024-utt026.wav,wav/vmc2026-track3-sys019-utt025.wav,3.6243490366333417
sys009,utt220,wav/vmc2026-track3-sys009-utt220.wav,wav/vmc2026-track3-sys019-utt219.wav,4.733817122408903
sys001,utt212,wav/vmc2026-track3-sys001-utt212.wav,wav/vmc2026-track3-sys019-utt211.wav,4.014042002842508
sys014,utt070,wav/vmc2026-track3-sys014-utt070.wav,wav/vmc2026-track3-sys019-utt069.wav,4.734638222103124
sys010,utt068,wav/vmc2026-track3-sys010-utt068.wav,wav/vmc2026-track3-sys019-utt067.wav,3.5217696979302224
sys002,utt228,wav/vmc2026-track3-sys002-utt228.wav,wav/vmc2026-track3-sys019-utt227.wav,4.7451142105116695
sys001,utt276,wav/vmc2026-track3-sys001-utt276.wav,wav/vmc2026-track3-sys019-utt275.wav,4.1549812118974785
sys002,utt318,wav/vmc2026-track3-sys002-utt318.wav,wav/vmc2026-track3-sys019-utt317.wav,4.889145832271295
sys007,utt318,wav/vmc2026-track3-sys007-utt318.wav,wav/vmc2026-track3-sys019-utt317.wav,3.9072860539087126
sys024,utt008,wav/vmc2026-track3-sys024-utt008.wav,wav/vmc2026-track3-sys019-utt007.wav,3.951861538633662
sys009,utt152,wav/vmc2026-track3-sys009-utt152.wav,wav/vmc2026-track3-sys019-utt151.wav,4.648960060978244
sys011,utt226,wav/vmc2026-track3-sys011-utt226.wav,wav/vmc2026-track3-sys019-utt225.wav,5.0
sys026,utt210,wav/vmc2026-track3-sys026-utt210.wav,wav/vmc2026-track3-sys019-utt209.wav,3.3865619784811924
sys023,utt176,wav/vmc2026-track3-sys023-utt176.wav,wav/vmc2026-track3-sys019-utt175.wav,4.483247661742194
sys026,utt284,wav/vmc2026-track3-sys026-utt284.wav,wav/vmc2026-track3-sys019-utt283.wav,4.501774013813561
sys011,utt248,wav/vmc2026-track3-sys011-utt248.wav,wav/vmc2026-track3-sys019-utt247.wav,4.788717596593233
sys008,utt220,wav/vmc2026-track3-sys008-utt220.wav,wav/vmc2026-track3-sys019-utt219.wav,4.508797635177621
sys024,utt062,wav/vmc2026-track3-sys024-utt062.wav,wav/vmc2026-track3-sys019-utt061.wav,3.956227394359538
sys018,utt230,wav/vmc2026-track3-sys018-utt230.wav,wav/vmc2026-track3-sys019-utt229.wav,3.656851493995347
sys008,utt034,wav/vmc2026-track3-sys008-utt034.wav,wav/vmc2026-track3-sys019-utt033.wav,4.4864159425041175
sys005,utt320,wav/vmc2026-track3-sys005-utt320.wav,wav/vmc2026-track3-sys019-utt319.wav,2.982022620503078
sys008,utt032,wav/vmc2026-track3-sys008-utt032.wav,wav/vmc2026-track3-sys019-utt031.wav,4.597131850285934
sys005,utt006,wav/vmc2026-track3-sys005-utt006.wav,wav/vmc2026-track3-sys019-utt005.wav,3.537946645891327
sys001,utt148,wav/vmc2026-track3-sys001-utt148.wav,wav/vmc2026-track3-sys019-utt147.wav,3.7178849786982484
sys014,utt034,wav/vmc2026-track3-sys014-utt034.wav,wav/vmc2026-track3-sys019-utt033.wav,4.010026085789399
sys022,utt020,wav/vmc2026-track3-sys022-utt020.wav,wav/vmc2026-track3-sys019-utt019.wav,3.446870917052629
sys026,utt128,wav/vmc2026-track3-sys026-utt128.wav,wav/vmc2026-track3-sys019-utt127.wav,4.436242342316513
sys010,utt272,wav/vmc2026-track3-sys010-utt272.wav,wav/vmc2026-track3-sys019-utt271.wav,4.091535323249616
sys016,utt280,wav/vmc2026-track3-sys016-utt280.wav,wav/vmc2026-track3-sys019-utt279.wav,3.9081718573231212
sys024,utt214,wav/vmc2026-track3-sys024-utt214.wav,wav/vmc2026-track3-sys019-utt213.wav,4.314960488782246
sys007,utt148,wav/vmc2026-track3-sys007-utt148.wav,wav/vmc2026-track3-sys019-utt147.wav,3.7356341620970412
sys014,utt032,wav/vmc2026-track3-sys014-utt032.wav,wav/vmc2026-track3-sys019-utt031.wav,4.270775733981216
sys026,utt218,wav/vmc2026-track3-sys026-utt218.wav,wav/vmc2026-track3-sys019-utt217.wav,4.39824720773861
sys022,utt144,wav/vmc2026-track3-sys022-utt144.wav,wav/vmc2026-track3-sys019-utt143.wav,3.3326235451740347
sys016,utt130,wav/vmc2026-track3-sys016-utt130.wav,wav/vmc2026-track3-sys019-utt129.wav,4.046009491753883
sys026,utt184,wav/vmc2026-track3-sys026-utt184.wav,wav/vmc2026-track3-sys019-utt183.wav,3.9585455588360268
sys014,utt198,wav/vmc2026-track3-sys014-utt198.wav,wav/vmc2026-track3-sys019-utt197.wav,4.408799996796068
sys014,utt108,wav/vmc2026-track3-sys014-utt108.wav,wav/vmc2026-track3-sys019-utt107.wav,3.9458482827927073
sys017,utt212,wav/vmc2026-track3-sys017-utt212.wav,wav/vmc2026-track3-sys019-utt211.wav,4.229359412988561
sys017,utt292,wav/vmc2026-track3-sys017-utt292.wav,wav/vmc2026-track3-sys019-utt291.wav,4.030485066277462
sys020,utt074,wav/vmc2026-track3-sys020-utt074.wav,wav/vmc2026-track3-sys019-utt073.wav,3.303408631405251
sys011,utt296,wav/vmc2026-track3-sys011-utt296.wav,wav/vmc2026-track3-sys019-utt295.wav,4.704757080041794
sys024,utt294,wav/vmc2026-track3-sys024-utt294.wav,wav/vmc2026-track3-sys019-utt293.wav,4.768043866746224
sys009,utt222,wav/vmc2026-track3-sys009-utt222.wav,wav/vmc2026-track3-sys019-utt221.wav,4.8457944604732095
sys025,utt174,wav/vmc2026-track3-sys025-utt174.wav,wav/vmc2026-track3-sys019-utt173.wav,3.462678805564569
sys026,utt212,wav/vmc2026-track3-sys026-utt212.wav,wav/vmc2026-track3-sys019-utt211.wav,4.105118929083235
sys001,utt050,wav/vmc2026-track3-sys001-utt050.wav,wav/vmc2026-track3-sys019-utt049.wav,4.034113964604364
sys010,utt018,wav/vmc2026-track3-sys010-utt018.wav,wav/vmc2026-track3-sys019-utt017.wav,4.0873961593096695
sys016,utt138,wav/vmc2026-track3-sys016-utt138.wav,wav/vmc2026-track3-sys019-utt137.wav,3.155585977997511
sys020,utt050,wav/vmc2026-track3-sys020-utt050.wav,wav/vmc2026-track3-sys019-utt049.wav,3.269372509032944
sys007,utt236,wav/vmc2026-track3-sys007-utt236.wav,wav/vmc2026-track3-sys019-utt235.wav,4.150431016036771
sys011,utt064,wav/vmc2026-track3-sys011-utt064.wav,wav/vmc2026-track3-sys019-utt063.wav,4.164544468951244
sys025,utt134,wav/vmc2026-track3-sys025-utt134.wav,wav/vmc2026-track3-sys019-utt133.wav,2.9529667787044653
sys014,utt124,wav/vmc2026-track3-sys014-utt124.wav,wav/vmc2026-track3-sys019-utt123.wav,4.411829082479521
sys012,utt220,wav/vmc2026-track3-sys012-utt220.wav,wav/vmc2026-track3-sys019-utt219.wav,4.2000131855262754
sys020,utt116,wav/vmc2026-track3-sys020-utt116.wav,wav/vmc2026-track3-sys019-utt115.wav,3.1424996508650205
sys018,utt066,wav/vmc2026-track3-sys018-utt066.wav,wav/vmc2026-track3-sys019-utt065.wav,3.3764514230438545
sys013,utt276,wav/vmc2026-track3-sys013-utt276.wav,wav/vmc2026-track3-sys019-utt275.wav,4.518753207644118
sys020,utt064,wav/vmc2026-track3-sys020-utt064.wav,wav/vmc2026-track3-sys019-utt063.wav,3.4966594879193638
sys018,utt004,wav/vmc2026-track3-sys018-utt004.wav,wav/vmc2026-track3-sys019-utt003.wav,3.7980945640846295
sys023,utt236,wav/vmc2026-track3-sys023-utt236.wav,wav/vmc2026-track3-sys019-utt235.wav,4.3691695542195825
sys018,utt120,wav/vmc2026-track3-sys018-utt120.wav,wav/vmc2026-track3-sys019-utt119.wav,3.7557003810141114
sys008,utt250,wav/vmc2026-track3-sys008-utt250.wav,wav/vmc2026-track3-sys019-utt249.wav,4.9119551567293485
sys018,utt202,wav/vmc2026-track3-sys018-utt202.wav,wav/vmc2026-track3-sys019-utt201.wav,3.6548528088089
sys001,utt026,wav/vmc2026-track3-sys001-utt026.wav,wav/vmc2026-track3-sys019-utt025.wav,4.132035223377096
sys013,utt150,wav/vmc2026-track3-sys013-utt150.wav,wav/vmc2026-track3-sys019-utt149.wav,4.092968547139413
sys002,utt136,wav/vmc2026-track3-sys002-utt136.wav,wav/vmc2026-track3-sys019-utt135.wav,4.386696349302415
sys012,utt070,wav/vmc2026-track3-sys012-utt070.wav,wav/vmc2026-track3-sys019-utt069.wav,4.528698776937651
sys023,utt302,wav/vmc2026-track3-sys023-utt302.wav,wav/vmc2026-track3-sys019-utt301.wav,4.019894738472565
sys011,utt174,wav/vmc2026-track3-sys011-utt174.wav,wav/vmc2026-track3-sys019-utt173.wav,4.496233518907808
sys006,utt184,wav/vmc2026-track3-sys006-utt184.wav,wav/vmc2026-track3-sys019-utt183.wav,4.493292621642956
sys024,utt118,wav/vmc2026-track3-sys024-utt118.wav,wav/vmc2026-track3-sys019-utt117.wav,3.9066191763927782
sys022,utt242,wav/vmc2026-track3-sys022-utt242.wav,wav/vmc2026-track3-sys019-utt241.wav,3.6251624883322213
sys011,utt200,wav/vmc2026-track3-sys011-utt200.wav,wav/vmc2026-track3-sys019-utt199.wav,4.280278490310232
sys023,utt122,wav/vmc2026-track3-sys023-utt122.wav,wav/vmc2026-track3-sys019-utt121.wav,4.612657088676737
sys013,utt218,wav/vmc2026-track3-sys013-utt218.wav,wav/vmc2026-track3-sys019-utt217.wav,4.053748931184965
sys002,utt278,wav/vmc2026-track3-sys002-utt278.wav,wav/vmc2026-track3-sys019-utt277.wav,4.569946607139127
sys025,utt048,wav/vmc2026-track3-sys025-utt048.wav,wav/vmc2026-track3-sys019-utt047.wav,3.183114934660977
sys018,utt132,wav/vmc2026-track3-sys018-utt132.wav,wav/vmc2026-track3-sys019-utt131.wav,3.452892394740098
sys024,utt022,wav/vmc2026-track3-sys024-utt022.wav,wav/vmc2026-track3-sys019-utt021.wav,4.231592220762796
sys009,utt156,wav/vmc2026-track3-sys009-utt156.wav,wav/vmc2026-track3-sys019-utt155.wav,4.56638358801389
sys011,utt032,wav/vmc2026-track3-sys011-utt032.wav,wav/vmc2026-track3-sys019-utt031.wav,3.8446056637017922
sys012,utt008,wav/vmc2026-track3-sys012-utt008.wav,wav/vmc2026-track3-sys019-utt007.wav,3.6427478793529655
sys013,utt198,wav/vmc2026-track3-sys013-utt198.wav,wav/vmc2026-track3-sys019-utt197.wav,3.905834537895964
sys011,utt102,wav/vmc2026-track3-sys011-utt102.wav,wav/vmc2026-track3-sys019-utt101.wav,4.0867738945485605
sys022,utt286,wav/vmc2026-track3-sys022-utt286.wav,wav/vmc2026-track3-sys019-utt285.wav,3.8964535596872336
sys024,utt112,wav/vmc2026-track3-sys024-utt112.wav,wav/vmc2026-track3-sys019-utt111.wav,3.961354169386933
sys022,utt078,wav/vmc2026-track3-sys022-utt078.wav,wav/vmc2026-track3-sys019-utt077.wav,3.8624145146557916
sys001,utt244,wav/vmc2026-track3-sys001-utt244.wav,wav/vmc2026-track3-sys019-utt243.wav,4.476094165020058
sys025,utt104,wav/vmc2026-track3-sys025-utt104.wav,wav/vmc2026-track3-sys019-utt103.wav,3.6662177749672753
sys022,utt284,wav/vmc2026-track3-sys022-utt284.wav,wav/vmc2026-track3-sys019-utt283.wav,3.2040418280012326
sys001,utt176,wav/vmc2026-track3-sys001-utt176.wav,wav/vmc2026-track3-sys019-utt175.wav,3.653447203870439
sys023,utt020,wav/vmc2026-track3-sys023-utt020.wav,wav/vmc2026-track3-sys019-utt019.wav,5.0
sys018,utt026,wav/vmc2026-track3-sys018-utt026.wav,wav/vmc2026-track3-sys019-utt025.wav,3.4277159598015534
sys022,utt230,wav/vmc2026-track3-sys022-utt230.wav,wav/vmc2026-track3-sys019-utt229.wav,3.9821008028997027
sys005,utt288,wav/vmc2026-track3-sys005-utt288.wav,wav/vmc2026-track3-sys019-utt287.wav,3.1113423094775223
sys010,utt194,wav/vmc2026-track3-sys010-utt194.wav,wav/vmc2026-track3-sys019-utt193.wav,3.7683749454538367
sys025,utt204,wav/vmc2026-track3-sys025-utt204.wav,wav/vmc2026-track3-sys019-utt203.wav,3.4458650872957177
sys009,utt102,wav/vmc2026-track3-sys009-utt102.wav,wav/vmc2026-track3-sys019-utt101.wav,4.490634805775789
sys013,utt128,wav/vmc2026-track3-sys013-utt128.wav,wav/vmc2026-track3-sys019-utt127.wav,4.151796126178731
sys014,utt316,wav/vmc2026-track3-sys014-utt316.wav,wav/vmc2026-track3-sys019-utt315.wav,4.07282101913759
sys001,utt074,wav/vmc2026-track3-sys001-utt074.wav,wav/vmc2026-track3-sys019-utt073.wav,4.020488266816886
sys001,utt022,wav/vmc2026-track3-sys001-utt022.wav,wav/vmc2026-track3-sys019-utt021.wav,3.984583554063574
sys022,utt030,wav/vmc2026-track3-sys022-utt030.wav,wav/vmc2026-track3-sys019-utt029.wav,3.904962336910763
sys009,utt314,wav/vmc2026-track3-sys009-utt314.wav,wav/vmc2026-track3-sys019-utt313.wav,4.311224589992615
sys020,utt206,wav/vmc2026-track3-sys020-utt206.wav,wav/vmc2026-track3-sys019-utt205.wav,3.545649894311946
sys007,utt216,wav/vmc2026-track3-sys007-utt216.wav,wav/vmc2026-track3-sys019-utt215.wav,3.639100191837933
sys026,utt014,wav/vmc2026-track3-sys026-utt014.wav,wav/vmc2026-track3-sys019-utt013.wav,4.1482999368622435
sys011,utt230,wav/vmc2026-track3-sys011-utt230.wav,wav/vmc2026-track3-sys019-utt229.wav,4.966654873256131
sys006,utt280,wav/vmc2026-track3-sys006-utt280.wav,wav/vmc2026-track3-sys019-utt279.wav,4.555687621107004
sys005,utt212,wav/vmc2026-track3-sys005-utt212.wav,wav/vmc2026-track3-sys019-utt211.wav,3.251631497232576
sys011,utt010,wav/vmc2026-track3-sys011-utt010.wav,wav/vmc2026-track3-sys019-utt009.wav,4.925891867938579
sys022,utt012,wav/vmc2026-track3-sys022-utt012.wav,wav/vmc2026-track3-sys019-utt011.wav,3.6157081213460205
sys014,utt304,wav/vmc2026-track3-sys014-utt304.wav,wav/vmc2026-track3-sys019-utt303.wav,4.793246775776138
sys023,utt040,wav/vmc2026-track3-sys023-utt040.wav,wav/vmc2026-track3-sys019-utt039.wav,3.855147276858597
sys011,utt234,wav/vmc2026-track3-sys011-utt234.wav,wav/vmc2026-track3-sys019-utt233.wav,4.245434777014169
sys001,utt160,wav/vmc2026-track3-sys001-utt160.wav,wav/vmc2026-track3-sys019-utt159.wav,4.2988403918049
sys024,utt266,wav/vmc2026-track3-sys024-utt266.wav,wav/vmc2026-track3-sys019-utt265.wav,3.8460003242105385
sys016,utt216,wav/vmc2026-track3-sys016-utt216.wav,wav/vmc2026-track3-sys019-utt215.wav,4.398922449920118
sys008,utt236,wav/vmc2026-track3-sys008-utt236.wav,wav/vmc2026-track3-sys019-utt235.wav,4.54682235011271
sys022,utt204,wav/vmc2026-track3-sys022-utt204.wav,wav/vmc2026-track3-sys019-utt203.wav,3.4743742963411917
sys007,utt064,wav/vmc2026-track3-sys007-utt064.wav,wav/vmc2026-track3-sys019-utt063.wav,3.7443287031433012
sys006,utt046,wav/vmc2026-track3-sys006-utt046.wav,wav/vmc2026-track3-sys019-utt045.wav,4.620497246859292
sys017,utt014,wav/vmc2026-track3-sys017-utt014.wav,wav/vmc2026-track3-sys019-utt013.wav,4.180165257030075
sys014,utt064,wav/vmc2026-track3-sys014-utt064.wav,wav/vmc2026-track3-sys019-utt063.wav,3.9999059852729935
sys012,utt114,wav/vmc2026-track3-sys012-utt114.wav,wav/vmc2026-track3-sys019-utt113.wav,3.5589185789804576
sys011,utt244,wav/vmc2026-track3-sys011-utt244.wav,wav/vmc2026-track3-sys019-utt243.wav,4.563546262758404
sys016,utt018,wav/vmc2026-track3-sys016-utt018.wav,wav/vmc2026-track3-sys019-utt017.wav,3.8226566070401176
sys005,utt274,wav/vmc2026-track3-sys005-utt274.wav,wav/vmc2026-track3-sys019-utt273.wav,3.9209218944959368
sys001,utt014,wav/vmc2026-track3-sys001-utt014.wav,wav/vmc2026-track3-sys019-utt013.wav,4.070937839297356
sys025,utt206,wav/vmc2026-track3-sys025-utt206.wav,wav/vmc2026-track3-sys019-utt205.wav,3.462896379680381
sys006,utt128,wav/vmc2026-track3-sys006-utt128.wav,wav/vmc2026-track3-sys019-utt127.wav,4.25002970782641
sys017,utt204,wav/vmc2026-track3-sys017-utt204.wav,wav/vmc2026-track3-sys019-utt203.wav,3.893796290846236
sys008,utt016,wav/vmc2026-track3-sys008-utt016.wav,wav/vmc2026-track3-sys019-utt015.wav,5.0
sys009,utt074,wav/vmc2026-track3-sys009-utt074.wav,wav/vmc2026-track3-sys019-utt073.wav,4.407653405122047
sys017,utt040,wav/vmc2026-track3-sys017-utt040.wav,wav/vmc2026-track3-sys019-utt039.wav,3.8450466344437997
sys016,utt064,wav/vmc2026-track3-sys016-utt064.wav,wav/vmc2026-track3-sys019-utt063.wav,3.6676753956911385
sys016,utt172,wav/vmc2026-track3-sys016-utt172.wav,wav/vmc2026-track3-sys019-utt171.wav,3.931328129851672
sys026,utt280,wav/vmc2026-track3-sys026-utt280.wav,wav/vmc2026-track3-sys019-utt279.wav,4.322371343829756
sys014,utt122,wav/vmc2026-track3-sys014-utt122.wav,wav/vmc2026-track3-sys019-utt121.wav,4.430204080016544
sys020,utt274,wav/vmc2026-track3-sys020-utt274.wav,wav/vmc2026-track3-sys019-utt273.wav,3.5701637866017424
sys022,utt014,wav/vmc2026-track3-sys022-utt014.wav,wav/vmc2026-track3-sys019-utt013.wav,4.258282266365031
sys002,utt294,wav/vmc2026-track3-sys002-utt294.wav,wav/vmc2026-track3-sys019-utt293.wav,4.6931748890350224
sys026,utt216,wav/vmc2026-track3-sys026-utt216.wav,wav/vmc2026-track3-sys019-utt215.wav,4.32473384937572
sys001,utt082,wav/vmc2026-track3-sys001-utt082.wav,wav/vmc2026-track3-sys019-utt081.wav,3.7987142412489585
sys009,utt022,wav/vmc2026-track3-sys009-utt022.wav,wav/vmc2026-track3-sys019-utt021.wav,4.511831169946746
sys002,utt114,wav/vmc2026-track3-sys002-utt114.wav,wav/vmc2026-track3-sys019-utt113.wav,4.017418847824883
sys026,utt048,wav/vmc2026-track3-sys026-utt048.wav,wav/vmc2026-track3-sys019-utt047.wav,4.018056356126086
sys006,utt070,wav/vmc2026-track3-sys006-utt070.wav,wav/vmc2026-track3-sys019-utt069.wav,4.431626373407895
sys025,utt158,wav/vmc2026-track3-sys025-utt158.wav,wav/vmc2026-track3-sys019-utt157.wav,4.3420441832805174
sys007,utt300,wav/vmc2026-track3-sys007-utt300.wav,wav/vmc2026-track3-sys019-utt299.wav,3.7167459203395317
sys025,utt210,wav/vmc2026-track3-sys025-utt210.wav,wav/vmc2026-track3-sys019-utt209.wav,3.58763218316076
sys023,utt272,wav/vmc2026-track3-sys023-utt272.wav,wav/vmc2026-track3-sys019-utt271.wav,4.26569595862763
sys001,utt114,wav/vmc2026-track3-sys001-utt114.wav,wav/vmc2026-track3-sys019-utt113.wav,3.838538726061565
sys010,utt046,wav/vmc2026-track3-sys010-utt046.wav,wav/vmc2026-track3-sys019-utt045.wav,3.763398998265711
sys023,utt066,wav/vmc2026-track3-sys023-utt066.wav,wav/vmc2026-track3-sys019-utt065.wav,5.0
sys025,utt226,wav/vmc2026-track3-sys025-utt226.wav,wav/vmc2026-track3-sys019-utt225.wav,3.608976525874139
sys006,utt298,wav/vmc2026-track3-sys006-utt298.wav,wav/vmc2026-track3-sys019-utt297.wav,4.627600521916233
sys011,utt312,wav/vmc2026-track3-sys011-utt312.wav,wav/vmc2026-track3-sys019-utt311.wav,4.445732707744707
sys010,utt278,wav/vmc2026-track3-sys010-utt278.wav,wav/vmc2026-track3-sys019-utt277.wav,3.814444319219199
sys025,utt140,wav/vmc2026-track3-sys025-utt140.wav,wav/vmc2026-track3-sys019-utt139.wav,3.4895032227261185
sys006,utt284,wav/vmc2026-track3-sys006-utt284.wav,wav/vmc2026-track3-sys019-utt283.wav,4.630236460431009
sys011,utt070,wav/vmc2026-track3-sys011-utt070.wav,wav/vmc2026-track3-sys019-utt069.wav,4.553088441486042
sys025,utt202,wav/vmc2026-track3-sys025-utt202.wav,wav/vmc2026-track3-sys019-utt201.wav,3.557396968140094
sys011,utt250,wav/vmc2026-track3-sys011-utt250.wav,wav/vmc2026-track3-sys019-utt249.wav,4.382269751045207
sys014,utt014,wav/vmc2026-track3-sys014-utt014.wav,wav/vmc2026-track3-sys019-utt013.wav,4.6570975015603855
sys025,utt200,wav/vmc2026-track3-sys025-utt200.wav,wav/vmc2026-track3-sys019-utt199.wav,4.242506359320751
sys022,utt134,wav/vmc2026-track3-sys022-utt134.wav,wav/vmc2026-track3-sys019-utt133.wav,3.5784648076268626
sys026,utt120,wav/vmc2026-track3-sys026-utt120.wav,wav/vmc2026-track3-sys019-utt119.wav,3.8724713434762013
sys002,utt210,wav/vmc2026-track3-sys002-utt210.wav,wav/vmc2026-track3-sys019-utt209.wav,4.629383496320654
sys007,utt268,wav/vmc2026-track3-sys007-utt268.wav,wav/vmc2026-track3-sys019-utt267.wav,3.8226127702205264
sys024,utt106,wav/vmc2026-track3-sys024-utt106.wav,wav/vmc2026-track3-sys019-utt105.wav,4.6143855411791
sys005,utt218,wav/vmc2026-track3-sys005-utt218.wav,wav/vmc2026-track3-sys019-utt217.wav,3.5804656885269455
sys002,utt132,wav/vmc2026-track3-sys002-utt132.wav,wav/vmc2026-track3-sys019-utt131.wav,4.243034912952588
sys012,utt076,wav/vmc2026-track3-sys012-utt076.wav,wav/vmc2026-track3-sys019-utt075.wav,3.5036187470647104
sys023,utt224,wav/vmc2026-track3-sys023-utt224.wav,wav/vmc2026-track3-sys019-utt223.wav,4.79471130956992
sys002,utt192,wav/vmc2026-track3-sys002-utt192.wav,wav/vmc2026-track3-sys019-utt191.wav,4.70445162475715
sys002,utt012,wav/vmc2026-track3-sys002-utt012.wav,wav/vmc2026-track3-sys019-utt011.wav,4.919049884616463
sys001,utt006,wav/vmc2026-track3-sys001-utt006.wav,wav/vmc2026-track3-sys019-utt005.wav,4.199132154836878
sys009,utt090,wav/vmc2026-track3-sys009-utt090.wav,wav/vmc2026-track3-sys019-utt089.wav,4.373342082248367
sys016,utt264,wav/vmc2026-track3-sys016-utt264.wav,wav/vmc2026-track3-sys019-utt263.wav,3.843422456887263
sys010,utt146,wav/vmc2026-track3-sys010-utt146.wav,wav/vmc2026-track3-sys019-utt145.wav,3.666245453000041
sys012,utt192,wav/vmc2026-track3-sys012-utt192.wav,wav/vmc2026-track3-sys019-utt191.wav,3.4184457880999455
sys009,utt210,wav/vmc2026-track3-sys009-utt210.wav,wav/vmc2026-track3-sys019-utt209.wav,4.441614792803315
sys023,utt310,wav/vmc2026-track3-sys023-utt310.wav,wav/vmc2026-track3-sys019-utt309.wav,4.766366390657404
sys008,utt066,wav/vmc2026-track3-sys008-utt066.wav,wav/vmc2026-track3-sys019-utt065.wav,4.995711267244679
sys024,utt040,wav/vmc2026-track3-sys024-utt040.wav,wav/vmc2026-track3-sys019-utt039.wav,3.7235538418598617
sys014,utt210,wav/vmc2026-track3-sys014-utt210.wav,wav/vmc2026-track3-sys019-utt209.wav,4.30236361085813
sys024,utt228,wav/vmc2026-track3-sys024-utt228.wav,wav/vmc2026-track3-sys019-utt227.wav,4.218803815265087
sys023,utt262,wav/vmc2026-track3-sys023-utt262.wav,wav/vmc2026-track3-sys019-utt261.wav,4.305288001854855
sys017,utt034,wav/vmc2026-track3-sys017-utt034.wav,wav/vmc2026-track3-sys019-utt033.wav,3.4123777716501413
sys026,utt026,wav/vmc2026-track3-sys026-utt026.wav,wav/vmc2026-track3-sys019-utt025.wav,4.459682222631066
sys002,utt288,wav/vmc2026-track3-sys002-utt288.wav,wav/vmc2026-track3-sys019-utt287.wav,4.396270966462203
sys012,utt022,wav/vmc2026-track3-sys012-utt022.wav,wav/vmc2026-track3-sys019-utt021.wav,3.9676696871142125
sys013,utt022,wav/vmc2026-track3-sys013-utt022.wav,wav/vmc2026-track3-sys019-utt021.wav,3.9110868901289564
sys005,utt138,wav/vmc2026-track3-sys005-utt138.wav,wav/vmc2026-track3-sys019-utt137.wav,3.326488096399628
sys013,utt076,wav/vmc2026-track3-sys013-utt076.wav,wav/vmc2026-track3-sys019-utt075.wav,4.156996633920716
sys008,utt286,wav/vmc2026-track3-sys008-utt286.wav,wav/vmc2026-track3-sys019-utt285.wav,4.9970337185652856
sys013,utt228,wav/vmc2026-track3-sys013-utt228.wav,wav/vmc2026-track3-sys019-utt227.wav,4.259324091801572
sys018,utt024,wav/vmc2026-track3-sys018-utt024.wav,wav/vmc2026-track3-sys019-utt023.wav,2.1745045585562943
sys011,utt216,wav/vmc2026-track3-sys011-utt216.wav,wav/vmc2026-track3-sys019-utt215.wav,4.771702856778456
sys018,utt074,wav/vmc2026-track3-sys018-utt074.wav,wav/vmc2026-track3-sys019-utt073.wav,3.057349694049535
sys010,utt270,wav/vmc2026-track3-sys010-utt270.wav,wav/vmc2026-track3-sys019-utt269.wav,3.7228098805010834
sys017,utt272,wav/vmc2026-track3-sys017-utt272.wav,wav/vmc2026-track3-sys019-utt271.wav,4.282691739315288
sys026,utt228,wav/vmc2026-track3-sys026-utt228.wav,wav/vmc2026-track3-sys019-utt227.wav,3.93976374870394
sys011,utt112,wav/vmc2026-track3-sys011-utt112.wav,wav/vmc2026-track3-sys019-utt111.wav,3.549990770769074
sys017,utt154,wav/vmc2026-track3-sys017-utt154.wav,wav/vmc2026-track3-sys019-utt153.wav,4.121318296457447
sys022,utt004,wav/vmc2026-track3-sys022-utt004.wav,wav/vmc2026-track3-sys019-utt003.wav,3.495727265203862
sys017,utt296,wav/vmc2026-track3-sys017-utt296.wav,wav/vmc2026-track3-sys019-utt295.wav,3.417043825623142
sys024,utt086,wav/vmc2026-track3-sys024-utt086.wav,wav/vmc2026-track3-sys019-utt085.wav,3.529693947226605
sys026,utt152,wav/vmc2026-track3-sys026-utt152.wav,wav/vmc2026-track3-sys019-utt151.wav,4.164566780991054
sys006,utt198,wav/vmc2026-track3-sys006-utt198.wav,wav/vmc2026-track3-sys019-utt197.wav,4.093417103430088
sys002,utt004,wav/vmc2026-track3-sys002-utt004.wav,wav/vmc2026-track3-sys019-utt003.wav,5.0
sys012,utt020,wav/vmc2026-track3-sys012-utt020.wav,wav/vmc2026-track3-sys019-utt019.wav,4.260162368080795
sys002,utt062,wav/vmc2026-track3-sys002-utt062.wav,wav/vmc2026-track3-sys019-utt061.wav,4.5435587706320995
sys014,utt196,wav/vmc2026-track3-sys014-utt196.wav,wav/vmc2026-track3-sys019-utt195.wav,4.654528198430816
sys013,utt154,wav/vmc2026-track3-sys013-utt154.wav,wav/vmc2026-track3-sys019-utt153.wav,4.215574845968664
sys014,utt268,wav/vmc2026-track3-sys014-utt268.wav,wav/vmc2026-track3-sys019-utt267.wav,4.353630982514603
sys017,utt118,wav/vmc2026-track3-sys017-utt118.wav,wav/vmc2026-track3-sys019-utt117.wav,4.088805598787373
sys009,utt300,wav/vmc2026-track3-sys009-utt300.wav,wav/vmc2026-track3-sys019-utt299.wav,3.920519199445533
sys002,utt064,wav/vmc2026-track3-sys002-utt064.wav,wav/vmc2026-track3-sys019-utt063.wav,4.662231832769196
sys011,utt306,wav/vmc2026-track3-sys011-utt306.wav,wav/vmc2026-track3-sys019-utt305.wav,4.434826234154257
sys010,utt150,wav/vmc2026-track3-sys010-utt150.wav,wav/vmc2026-track3-sys019-utt149.wav,3.4983474141655053
sys017,utt270,wav/vmc2026-track3-sys017-utt270.wav,wav/vmc2026-track3-sys019-utt269.wav,4.228380263604555
sys017,utt090,wav/vmc2026-track3-sys017-utt090.wav,wav/vmc2026-track3-sys019-utt089.wav,4.220249491502287
sys014,utt184,wav/vmc2026-track3-sys014-utt184.wav,wav/vmc2026-track3-sys019-utt183.wav,4.562366132806557
sys005,utt120,wav/vmc2026-track3-sys005-utt120.wav,wav/vmc2026-track3-sys019-utt119.wav,3.1049300402193456
sys020,utt068,wav/vmc2026-track3-sys020-utt068.wav,wav/vmc2026-track3-sys019-utt067.wav,3.6490057902234754
sys001,utt040,wav/vmc2026-track3-sys001-utt040.wav,wav/vmc2026-track3-sys019-utt039.wav,3.7069665684417905
sys011,utt266,wav/vmc2026-track3-sys011-utt266.wav,wav/vmc2026-track3-sys019-utt265.wav,4.1094978822328905
sys007,utt062,wav/vmc2026-track3-sys007-utt062.wav,wav/vmc2026-track3-sys019-utt061.wav,3.7642922950415816
sys006,utt250,wav/vmc2026-track3-sys006-utt250.wav,wav/vmc2026-track3-sys019-utt249.wav,4.6343019835167505
sys024,utt250,wav/vmc2026-track3-sys024-utt250.wav,wav/vmc2026-track3-sys019-utt249.wav,4.009063258452159
sys020,utt120,wav/vmc2026-track3-sys020-utt120.wav,wav/vmc2026-track3-sys019-utt119.wav,3.439079294920481
sys022,utt266,wav/vmc2026-track3-sys022-utt266.wav,wav/vmc2026-track3-sys019-utt265.wav,3.762778259687558
sys001,utt136,wav/vmc2026-track3-sys001-utt136.wav,wav/vmc2026-track3-sys019-utt135.wav,3.7361687725954815
sys017,utt294,wav/vmc2026-track3-sys017-utt294.wav,wav/vmc2026-track3-sys019-utt293.wav,3.838683318105079
sys025,utt068,wav/vmc2026-track3-sys025-utt068.wav,wav/vmc2026-track3-sys019-utt067.wav,3.162943613733302
sys011,utt026,wav/vmc2026-track3-sys011-utt026.wav,wav/vmc2026-track3-sys019-utt025.wav,4.7447837226590055
sys018,utt280,wav/vmc2026-track3-sys018-utt280.wav,wav/vmc2026-track3-sys019-utt279.wav,4.281067849544227
sys009,utt200,wav/vmc2026-track3-sys009-utt200.wav,wav/vmc2026-track3-sys019-utt199.wav,5.0
sys005,utt202,wav/vmc2026-track3-sys005-utt202.wav,wav/vmc2026-track3-sys019-utt201.wav,3.5836648696606965
sys024,utt222,wav/vmc2026-track3-sys024-utt222.wav,wav/vmc2026-track3-sys019-utt221.wav,4.009363302418609
sys020,utt282,wav/vmc2026-track3-sys020-utt282.wav,wav/vmc2026-track3-sys019-utt281.wav,3.0708672328561217
sys010,utt282,wav/vmc2026-track3-sys010-utt282.wav,wav/vmc2026-track3-sys019-utt281.wav,4.897417170491024
sys012,utt270,wav/vmc2026-track3-sys012-utt270.wav,wav/vmc2026-track3-sys019-utt269.wav,3.773167008360479
sys008,utt202,wav/vmc2026-track3-sys008-utt202.wav,wav/vmc2026-track3-sys019-utt201.wav,4.278817554335131
sys008,utt150,wav/vmc2026-track3-sys008-utt150.wav,wav/vmc2026-track3-sys019-utt149.wav,4.388810562829578
sys010,utt138,wav/vmc2026-track3-sys010-utt138.wav,wav/vmc2026-track3-sys019-utt137.wav,3.4638634352325424
sys002,utt116,wav/vmc2026-track3-sys002-utt116.wav,wav/vmc2026-track3-sys019-utt115.wav,4.371360311770663
sys025,utt156,wav/vmc2026-track3-sys025-utt156.wav,wav/vmc2026-track3-sys019-utt155.wav,4.230738150294631
sys014,utt302,wav/vmc2026-track3-sys014-utt302.wav,wav/vmc2026-track3-sys019-utt301.wav,4.840014000209065
sys011,utt090,wav/vmc2026-track3-sys011-utt090.wav,wav/vmc2026-track3-sys019-utt089.wav,4.0890745262143255
sys025,utt040,wav/vmc2026-track3-sys025-utt040.wav,wav/vmc2026-track3-sys019-utt039.wav,3.964113123877809
sys023,utt204,wav/vmc2026-track3-sys023-utt204.wav,wav/vmc2026-track3-sys019-utt203.wav,4.323271956734875
sys009,utt244,wav/vmc2026-track3-sys009-utt244.wav,wav/vmc2026-track3-sys019-utt243.wav,4.919063513794043
sys005,utt220,wav/vmc2026-track3-sys005-utt220.wav,wav/vmc2026-track3-sys019-utt219.wav,2.9958592719858474
sys026,utt238,wav/vmc2026-track3-sys026-utt238.wav,wav/vmc2026-track3-sys019-utt237.wav,4.085216196930833
sys008,utt310,wav/vmc2026-track3-sys008-utt310.wav,wav/vmc2026-track3-sys019-utt309.wav,4.607914961126589
sys013,utt004,wav/vmc2026-track3-sys013-utt004.wav,wav/vmc2026-track3-sys019-utt003.wav,4.160162521445663
sys001,utt036,wav/vmc2026-track3-sys001-utt036.wav,wav/vmc2026-track3-sys019-utt035.wav,3.6477763011454774
sys012,utt146,wav/vmc2026-track3-sys012-utt146.wav,wav/vmc2026-track3-sys019-utt145.wav,3.4706231039490416
sys012,utt038,wav/vmc2026-track3-sys012-utt038.wav,wav/vmc2026-track3-sys019-utt037.wav,3.939227018351268
sys014,utt284,wav/vmc2026-track3-sys014-utt284.wav,wav/vmc2026-track3-sys019-utt283.wav,4.443148577455706
sys017,utt244,wav/vmc2026-track3-sys017-utt244.wav,wav/vmc2026-track3-sys019-utt243.wav,4.221849419857618
sys001,utt262,wav/vmc2026-track3-sys001-utt262.wav,wav/vmc2026-track3-sys019-utt261.wav,3.5932193234127636
sys001,utt222,wav/vmc2026-track3-sys001-utt222.wav,wav/vmc2026-track3-sys019-utt221.wav,4.073106537936049
sys008,utt116,wav/vmc2026-track3-sys008-utt116.wav,wav/vmc2026-track3-sys019-utt115.wav,4.375733537288704
sys001,utt272,wav/vmc2026-track3-sys001-utt272.wav,wav/vmc2026-track3-sys019-utt271.wav,4.139645723523402
sys008,utt216,wav/vmc2026-track3-sys008-utt216.wav,wav/vmc2026-track3-sys019-utt215.wav,4.90314343244367
sys022,utt218,wav/vmc2026-track3-sys022-utt218.wav,wav/vmc2026-track3-sys019-utt217.wav,4.244232019266508
sys026,utt268,wav/vmc2026-track3-sys026-utt268.wav,wav/vmc2026-track3-sys019-utt267.wav,4.121879736540434
sys025,utt282,wav/vmc2026-track3-sys025-utt282.wav,wav/vmc2026-track3-sys019-utt281.wav,3.576633130992935
sys011,utt320,wav/vmc2026-track3-sys011-utt320.wav,wav/vmc2026-track3-sys019-utt319.wav,4.6751332105579895
sys009,utt202,wav/vmc2026-track3-sys009-utt202.wav,wav/vmc2026-track3-sys019-utt201.wav,4.481276425980033
sys006,utt154,wav/vmc2026-track3-sys006-utt154.wav,wav/vmc2026-track3-sys019-utt153.wav,4.863564487672883
sys006,utt304,wav/vmc2026-track3-sys006-utt304.wav,wav/vmc2026-track3-sys019-utt303.wav,4.490647374002715
sys016,utt074,wav/vmc2026-track3-sys016-utt074.wav,wav/vmc2026-track3-sys019-utt073.wav,3.945658460305701
sys010,utt280,wav/vmc2026-track3-sys010-utt280.wav,wav/vmc2026-track3-sys019-utt279.wav,3.898188888735948
sys017,utt106,wav/vmc2026-track3-sys017-utt106.wav,wav/vmc2026-track3-sys019-utt105.wav,3.9562723724434763
sys023,utt234,wav/vmc2026-track3-sys023-utt234.wav,wav/vmc2026-track3-sys019-utt233.wav,3.5789766378763606
sys002,utt172,wav/vmc2026-track3-sys002-utt172.wav,wav/vmc2026-track3-sys019-utt171.wav,4.476655183446699
sys018,utt180,wav/vmc2026-track3-sys018-utt180.wav,wav/vmc2026-track3-sys019-utt179.wav,3.416536062537651
sys007,utt142,wav/vmc2026-track3-sys007-utt142.wav,wav/vmc2026-track3-sys019-utt141.wav,3.940820911413332
sys023,utt032,wav/vmc2026-track3-sys023-utt032.wav,wav/vmc2026-track3-sys019-utt031.wav,4.317609844689436
sys025,utt198,wav/vmc2026-track3-sys025-utt198.wav,wav/vmc2026-track3-sys019-utt197.wav,3.5627430736954984
sys023,utt018,wav/vmc2026-track3-sys023-utt018.wav,wav/vmc2026-track3-sys019-utt017.wav,4.477715316098622
sys007,utt264,wav/vmc2026-track3-sys007-utt264.wav,wav/vmc2026-track3-sys019-utt263.wav,3.920130809740918
sys016,utt144,wav/vmc2026-track3-sys016-utt144.wav,wav/vmc2026-track3-sys019-utt143.wav,3.1312379811822995
sys025,utt288,wav/vmc2026-track3-sys025-utt288.wav,wav/vmc2026-track3-sys019-utt287.wav,3.1630971067517972
sys024,utt146,wav/vmc2026-track3-sys024-utt146.wav,wav/vmc2026-track3-sys019-utt145.wav,4.0076961763900005
sys016,utt186,wav/vmc2026-track3-sys016-utt186.wav,wav/vmc2026-track3-sys019-utt185.wav,3.4818041019007806
sys006,utt202,wav/vmc2026-track3-sys006-utt202.wav,wav/vmc2026-track3-sys019-utt201.wav,3.8718289629538725
sys009,utt032,wav/vmc2026-track3-sys009-utt032.wav,wav/vmc2026-track3-sys019-utt031.wav,4.074879325880722
sys006,utt030,wav/vmc2026-track3-sys006-utt030.wav,wav/vmc2026-track3-sys019-utt029.wav,4.080150217320567
sys001,utt296,wav/vmc2026-track3-sys001-utt296.wav,wav/vmc2026-track3-sys019-utt295.wav,4.011275422393497
sys012,utt028,wav/vmc2026-track3-sys012-utt028.wav,wav/vmc2026-track3-sys019-utt027.wav,3.815496864061935
sys016,utt266,wav/vmc2026-track3-sys016-utt266.wav,wav/vmc2026-track3-sys019-utt265.wav,3.844227947341032
sys023,utt266,wav/vmc2026-track3-sys023-utt266.wav,wav/vmc2026-track3-sys019-utt265.wav,4.062482920123046
sys025,utt316,wav/vmc2026-track3-sys025-utt316.wav,wav/vmc2026-track3-sys019-utt315.wav,3.5201572465242155
sys020,utt238,wav/vmc2026-track3-sys020-utt238.wav,wav/vmc2026-track3-sys019-utt237.wav,3.5119528277893646
sys012,utt130,wav/vmc2026-track3-sys012-utt130.wav,wav/vmc2026-track3-sys019-utt129.wav,3.9562497846388505
sys023,utt002,wav/vmc2026-track3-sys023-utt002.wav,wav/vmc2026-track3-sys019-utt001.wav,4.232727588135764
sys012,utt172,wav/vmc2026-track3-sys012-utt172.wav,wav/vmc2026-track3-sys019-utt171.wav,3.705450559620947
sys023,utt124,wav/vmc2026-track3-sys023-utt124.wav,wav/vmc2026-track3-sys019-utt123.wav,4.824895158478513
sys024,utt308,wav/vmc2026-track3-sys024-utt308.wav,wav/vmc2026-track3-sys019-utt307.wav,3.555381832027761
sys022,utt278,wav/vmc2026-track3-sys022-utt278.wav,wav/vmc2026-track3-sys019-utt277.wav,4.129961535714958
sys016,utt002,wav/vmc2026-track3-sys016-utt002.wav,wav/vmc2026-track3-sys019-utt001.wav,3.9086374977489737
sys023,utt160,wav/vmc2026-track3-sys023-utt160.wav,wav/vmc2026-track3-sys019-utt159.wav,4.500957502005252
sys006,utt118,wav/vmc2026-track3-sys006-utt118.wav,wav/vmc2026-track3-sys019-utt117.wav,4.557835048007456
sys022,utt302,wav/vmc2026-track3-sys022-utt302.wav,wav/vmc2026-track3-sys019-utt301.wav,4.074122141880084
sys005,utt022,wav/vmc2026-track3-sys005-utt022.wav,wav/vmc2026-track3-sys019-utt021.wav,3.2010089750167245
sys011,utt236,wav/vmc2026-track3-sys011-utt236.wav,wav/vmc2026-track3-sys019-utt235.wav,4.151257055721258
sys005,utt286,wav/vmc2026-track3-sys005-utt286.wav,wav/vmc2026-track3-sys019-utt285.wav,3.293346438140262
sys013,utt048,wav/vmc2026-track3-sys013-utt048.wav,wav/vmc2026-track3-sys019-utt047.wav,4.233523763785411
sys013,utt290,wav/vmc2026-track3-sys013-utt290.wav,wav/vmc2026-track3-sys019-utt289.wav,4.113423028994407
sys012,utt072,wav/vmc2026-track3-sys012-utt072.wav,wav/vmc2026-track3-sys019-utt071.wav,3.988530053768597
sys022,utt074,wav/vmc2026-track3-sys022-utt074.wav,wav/vmc2026-track3-sys019-utt073.wav,3.922667311119042
sys017,utt320,wav/vmc2026-track3-sys017-utt320.wav,wav/vmc2026-track3-sys019-utt319.wav,3.6236765519694627
sys009,utt294,wav/vmc2026-track3-sys009-utt294.wav,wav/vmc2026-track3-sys019-utt293.wav,5.0
sys007,utt308,wav/vmc2026-track3-sys007-utt308.wav,wav/vmc2026-track3-sys019-utt307.wav,3.754964052043252
sys020,utt202,wav/vmc2026-track3-sys020-utt202.wav,wav/vmc2026-track3-sys019-utt201.wav,3.514995498373017
sys016,utt282,wav/vmc2026-track3-sys016-utt282.wav,wav/vmc2026-track3-sys019-utt281.wav,3.9673467789896444
sys018,utt226,wav/vmc2026-track3-sys018-utt226.wav,wav/vmc2026-track3-sys019-utt225.wav,3.7694401493479184
sys024,utt142,wav/vmc2026-track3-sys024-utt142.wav,wav/vmc2026-track3-sys019-utt141.wav,4.203558884161517
sys006,utt028,wav/vmc2026-track3-sys006-utt028.wav,wav/vmc2026-track3-sys019-utt027.wav,4.077745191116507
sys024,utt020,wav/vmc2026-track3-sys024-utt020.wav,wav/vmc2026-track3-sys019-utt019.wav,3.781056764492312
sys006,utt002,wav/vmc2026-track3-sys006-utt002.wav,wav/vmc2026-track3-sys019-utt001.wav,4.5561599633816785
sys014,utt142,wav/vmc2026-track3-sys014-utt142.wav,wav/vmc2026-track3-sys019-utt141.wav,3.9451277662479542
sys011,utt270,wav/vmc2026-track3-sys011-utt270.wav,wav/vmc2026-track3-sys019-utt269.wav,4.5148818077559545
sys001,utt228,wav/vmc2026-track3-sys001-utt228.wav,wav/vmc2026-track3-sys019-utt227.wav,3.5432286800501327
sys012,utt088,wav/vmc2026-track3-sys012-utt088.wav,wav/vmc2026-track3-sys019-utt087.wav,4.072634852392968
sys010,utt108,wav/vmc2026-track3-sys010-utt108.wav,wav/vmc2026-track3-sys019-utt107.wav,3.9539143098380456
sys016,utt262,wav/vmc2026-track3-sys016-utt262.wav,wav/vmc2026-track3-sys019-utt261.wav,3.972012606229535
sys010,utt290,wav/vmc2026-track3-sys010-utt290.wav,wav/vmc2026-track3-sys019-utt289.wav,3.7389415864070092
sys017,utt070,wav/vmc2026-track3-sys017-utt070.wav,wav/vmc2026-track3-sys019-utt069.wav,3.873919308336362
sys018,utt206,wav/vmc2026-track3-sys018-utt206.wav,wav/vmc2026-track3-sys019-utt205.wav,3.742877383500264
sys007,utt196,wav/vmc2026-track3-sys007-utt196.wav,wav/vmc2026-track3-sys019-utt195.wav,4.360230949670408
sys016,utt278,wav/vmc2026-track3-sys016-utt278.wav,wav/vmc2026-track3-sys019-utt277.wav,3.9367151317123894
sys020,utt080,wav/vmc2026-track3-sys020-utt080.wav,wav/vmc2026-track3-sys019-utt079.wav,3.354763899102515
sys020,utt288,wav/vmc2026-track3-sys020-utt288.wav,wav/vmc2026-track3-sys019-utt287.wav,2.8414925575545467
sys011,utt080,wav/vmc2026-track3-sys011-utt080.wav,wav/vmc2026-track3-sys019-utt079.wav,4.103416523659629
sys008,utt020,wav/vmc2026-track3-sys008-utt020.wav,wav/vmc2026-track3-sys019-utt019.wav,4.781096370583678
sys017,utt174,wav/vmc2026-track3-sys017-utt174.wav,wav/vmc2026-track3-sys019-utt173.wav,3.904703501966077
sys012,utt242,wav/vmc2026-track3-sys012-utt242.wav,wav/vmc2026-track3-sys019-utt241.wav,4.090883448603111
sys018,utt012,wav/vmc2026-track3-sys018-utt012.wav,wav/vmc2026-track3-sys019-utt011.wav,3.4804131014768376
sys010,utt086,wav/vmc2026-track3-sys010-utt086.wav,wav/vmc2026-track3-sys019-utt085.wav,3.6544182976792636
sys007,utt206,wav/vmc2026-track3-sys007-utt206.wav,wav/vmc2026-track3-sys019-utt205.wav,4.041915969673621
sys007,utt246,wav/vmc2026-track3-sys007-utt246.wav,wav/vmc2026-track3-sys019-utt245.wav,4.340603718680981
sys008,utt138,wav/vmc2026-track3-sys008-utt138.wav,wav/vmc2026-track3-sys019-utt137.wav,4.199408571961701
sys006,utt174,wav/vmc2026-track3-sys006-utt174.wav,wav/vmc2026-track3-sys019-utt173.wav,4.131751223672671
sys023,utt320,wav/vmc2026-track3-sys023-utt320.wav,wav/vmc2026-track3-sys019-utt319.wav,4.760154463367451
sys025,utt030,wav/vmc2026-track3-sys025-utt030.wav,wav/vmc2026-track3-sys019-utt029.wav,3.3562671931907033
sys005,utt142,wav/vmc2026-track3-sys005-utt142.wav,wav/vmc2026-track3-sys019-utt141.wav,3.6413466619546844
sys014,utt140,wav/vmc2026-track3-sys014-utt140.wav,wav/vmc2026-track3-sys019-utt139.wav,3.7674336344340755
sys007,utt082,wav/vmc2026-track3-sys007-utt082.wav,wav/vmc2026-track3-sys019-utt081.wav,3.950550432215799
sys002,utt108,wav/vmc2026-track3-sys002-utt108.wav,wav/vmc2026-track3-sys019-utt107.wav,4.216558091157448
sys024,utt004,wav/vmc2026-track3-sys024-utt004.wav,wav/vmc2026-track3-sys019-utt003.wav,4.423716443697009
sys005,utt250,wav/vmc2026-track3-sys005-utt250.wav,wav/vmc2026-track3-sys019-utt249.wav,3.7724199969250454
sys013,utt114,wav/vmc2026-track3-sys013-utt114.wav,wav/vmc2026-track3-sys019-utt113.wav,3.6838188783913135
sys007,utt154,wav/vmc2026-track3-sys007-utt154.wav,wav/vmc2026-track3-sys019-utt153.wav,4.469823829768866
sys014,utt306,wav/vmc2026-track3-sys014-utt306.wav,wav/vmc2026-track3-sys019-utt305.wav,4.723318749160642
sys023,utt084,wav/vmc2026-track3-sys023-utt084.wav,wav/vmc2026-track3-sys019-utt083.wav,4.3145121987410215
sys005,utt308,wav/vmc2026-track3-sys005-utt308.wav,wav/vmc2026-track3-sys019-utt307.wav,3.5861877435871055
sys024,utt210,wav/vmc2026-track3-sys024-utt210.wav,wav/vmc2026-track3-sys019-utt209.wav,4.200713126927748
sys005,utt082,wav/vmc2026-track3-sys005-utt082.wav,wav/vmc2026-track3-sys019-utt081.wav,3.5605141934525135
sys016,utt248,wav/vmc2026-track3-sys016-utt248.wav,wav/vmc2026-track3-sys019-utt247.wav,4.450654004326288
sys010,utt274,wav/vmc2026-track3-sys010-utt274.wav,wav/vmc2026-track3-sys019-utt273.wav,4.0145992597642675
sys026,utt310,wav/vmc2026-track3-sys026-utt310.wav,wav/vmc2026-track3-sys019-utt309.wav,4.322703905957156
sys014,utt294,wav/vmc2026-track3-sys014-utt294.wav,wav/vmc2026-track3-sys019-utt293.wav,4.847156796158322
sys008,utt186,wav/vmc2026-track3-sys008-utt186.wav,wav/vmc2026-track3-sys019-utt185.wav,4.3564396833059424
sys023,utt064,wav/vmc2026-track3-sys023-utt064.wav,wav/vmc2026-track3-sys019-utt063.wav,4.7731114471724645
sys008,utt316,wav/vmc2026-track3-sys008-utt316.wav,wav/vmc2026-track3-sys019-utt315.wav,4.685981468353001
sys011,utt116,wav/vmc2026-track3-sys011-utt116.wav,wav/vmc2026-track3-sys019-utt115.wav,4.029224055829023
sys014,utt230,wav/vmc2026-track3-sys014-utt230.wav,wav/vmc2026-track3-sys019-utt229.wav,4.576011303657598
sys014,utt126,wav/vmc2026-track3-sys014-utt126.wav,wav/vmc2026-track3-sys019-utt125.wav,4.845005307273592
sys012,utt290,wav/vmc2026-track3-sys012-utt290.wav,wav/vmc2026-track3-sys019-utt289.wav,3.547490607289372
sys002,utt196,wav/vmc2026-track3-sys002-utt196.wav,wav/vmc2026-track3-sys019-utt195.wav,4.5520023879251355
sys005,utt088,wav/vmc2026-track3-sys005-utt088.wav,wav/vmc2026-track3-sys019-utt087.wav,3.6309858269304116
sys001,utt210,wav/vmc2026-track3-sys001-utt210.wav,wav/vmc2026-track3-sys019-utt209.wav,3.5747920285891572
sys023,utt134,wav/vmc2026-track3-sys023-utt134.wav,wav/vmc2026-track3-sys019-utt133.wav,4.148962611874369
