system_id,utterance_id,wav_a_path,wav_b_path,pred_acc_sim
sys017,utt026,wav/vmc2026-track3-sys017-utt026.wav,wav/vmc2026-track3-sys019-utt025.wav,3.952173986034663
sys002,utt246,wav/vmc2026-track3-sys002-utt246.wav,wav/vmc2026-track3-sys019-utt245.wav,4.296434022924838
sys017,utt142,wav/vmc2026-track3-sys017-utt142.wav,wav/vmc2026-track3-sys019-utt141.wav,3.910149370772908
sys007,utt134,wav/vmc2026-track3-sys007-utt134.wav,wav/vmc2026-track3-sys019-utt133.wav,3.71081665354858
sys012,utt182,wav/vmc2026-track3-sys012-utt182.wav,wav/vmc2026-track3-sys019-utt181.wav,4.192720037907997
sys006,utt108,wav/vmc2026-track3-sys006-utt108.wav,wav/vmc2026-track3-sys019-utt107.wav,4.563040216246144
sys002,utt110,wav/vmc2026-track3-sys002-utt110.wav,wav/vmc2026-track3-sys019-utt109.wav,4.236917876628412
sys009,utt216,wav/vmc2026-track3-sys009-utt216.wav,wav/vmc2026-track3-sys019-utt215.wav,4.486394528636094
sys017,utt032,wav/vmc2026-track3-sys017-utt032.wav,wav/vmc2026-track3-sys019-utt031.wav,3.53902449103228
sys020,utt298,wav/vmc2026-track3-sys020-utt298.wav,wav/vmc2026-track3-sys019-utt297.wav,3.4379700877180275
sys005,utt118,wav/vmc2026-track3-sys005-utt118.wav,wav/vmc2026-track3-sys019-utt117.wav,3.6379200316412135
sys023,utt286,wav/vmc2026-track3-sys023-utt286.wav,wav/vmc2026-track3-sys019-utt285.wav,4.063366163757371
sys026,utt292,wav/vmc2026-track3-sys026-utt292.wav,wav/vmc2026-track3-sys019-utt291.wav,4.101457175251696
sys018,utt036,wav/vmc2026-track3-sys018-utt036.wav,wav/vmc2026-track3-sys019-utt035.wav,3.5115921565113877
sys007,utt244,wav/vmc2026-track3-sys007-utt244.wav,wav/vmc2026-track3-sys019-utt243.wav,3.962005734578444
sys012,utt310,wav/vmc2026-track3-sys012-utt310.wav,wav/vmc2026-track3-sys019-utt309.wav,4.184767447180701
sys025,utt230,wav/vmc2026-track3-sys025-utt230.wav,wav/vmc2026-track3-sys019-utt229.wav,4.213581706640307
sys017,utt066,wav/vmc2026-track3-sys017-utt066.wav,wav/vmc2026-track3-sys019-utt065.wav,4.3259098394600395
sys009,utt066,wav/vmc2026-track3-sys009-utt066.wav,wav/vmc2026-track3-sys019-utt065.wav,4.359708333722448
sys020,utt198,wav/vmc2026-track3-sys020-utt198.wav,wav/vmc2026-track3-sys019-utt197.wav,3.554226091236148
sys002,utt102,wav/vmc2026-track3-sys002-utt102.wav,wav/vmc2026-track3-sys019-utt101.wav,4.107906159943371
sys024,utt176,wav/vmc2026-track3-sys024-utt176.wav,wav/vmc2026-track3-sys019-utt175.wav,3.483201628544214
sys025,utt112,wav/vmc2026-track3-sys025-utt112.wav,wav/vmc2026-track3-sys019-utt111.wav,3.6080478922395525
sys017,utt238,wav/vmc2026-track3-sys017-utt238.wav,wav/vmc2026-track3-sys019-utt237.wav,4.077161964869255
sys012,utt048,wav/vmc2026-track3-sys012-utt048.wav,wav/vmc2026-track3-sys019-utt047.wav,4.304968297344436
sys002,utt048,wav/vmc2026-track3-sys002-utt048.wav,wav/vmc2026-track3-sys019-utt047.wav,4.449281127864236
sys026,utt004,wav/vmc2026-track3-sys026-utt004.wav,wav/vmc2026-track3-sys019-utt003.wav,3.8311627024362918
sys020,utt070,wav/vmc2026-track3-sys020-utt070.wav,wav/vmc2026-track3-sys019-utt069.wav,3.4385969018439333
sys011,utt004,wav/vmc2026-track3-sys011-utt004.wav,wav/vmc2026-track3-sys019-utt003.wav,4.3970171762692365
sys001,utt214,wav/vmc2026-track3-sys001-utt214.wav,wav/vmc2026-track3-sys019-utt213.wav,4.374713263043658
sys002,utt300,wav/vmc2026-track3-sys002-utt300.wav,wav/vmc2026-track3-sys019-utt299.wav,4.499180633991217
sys009,utt142,wav/vmc2026-track3-sys009-utt142.wav,wav/vmc2026-track3-sys019-utt141.wav,3.9975082447889467
sys009,utt270,wav/vmc2026-track3-sys009-utt270.wav,wav/vmc2026-track3-sys019-utt269.wav,4.337571271929718
sys007,utt194,wav/vmc2026-track3-sys007-utt194.wav,wav/vmc2026-track3-sys019-utt193.wav,4.355479977515763
sys014,utt050,wav/vmc2026-track3-sys014-utt050.wav,wav/vmc2026-track3-sys019-utt049.wav,4.767045667203724
sys014,utt080,wav/vmc2026-track3-sys014-utt080.wav,wav/vmc2026-track3-sys019-utt079.wav,4.325477494215959
sys010,utt144,wav/vmc2026-track3-sys010-utt144.wav,wav/vmc2026-track3-sys019-utt143.wav,3.2957516780856766
sys010,utt154,wav/vmc2026-track3-sys010-utt154.wav,wav/vmc2026-track3-sys019-utt153.wav,4.109852133204585
sys005,utt210,wav/vmc2026-track3-sys005-utt210.wav,wav/vmc2026-track3-sys019-utt209.wav,3.7399165934032603
sys009,utt048,wav/vmc2026-track3-sys009-utt048.wav,wav/vmc2026-track3-sys019-utt047.wav,4.472762953406738
sys026,utt220,wav/vmc2026-track3-sys026-utt220.wav,wav/vmc2026-track3-sys019-utt219.wav,3.6277075924527393
sys007,utt030,wav/vmc2026-track3-sys007-utt030.wav,wav/vmc2026-track3-sys019-utt029.wav,4.129938510972281
sys013,utt016,wav/vmc2026-track3-sys013-utt016.wav,wav/vmc2026-track3-sys019-utt015.wav,4.217364386611888
sys024,utt194,wav/vmc2026-track3-sys024-utt194.wav,wav/vmc2026-track3-sys019-utt193.wav,4.349022517348833
sys006,utt310,wav/vmc2026-track3-sys006-utt310.wav,wav/vmc2026-track3-sys019-utt309.wav,4.742505730659744
sys012,utt118,wav/vmc2026-track3-sys012-utt118.wav,wav/vmc2026-track3-sys019-utt117.wav,3.9680232683382
sys013,utt160,wav/vmc2026-track3-sys013-utt160.wav,wav/vmc2026-track3-sys019-utt159.wav,4.552730440018456
sys011,utt122,wav/vmc2026-track3-sys011-utt122.wav,wav/vmc2026-track3-sys019-utt121.wav,4.179413956492372
sys023,utt102,wav/vmc2026-track3-sys023-utt102.wav,wav/vmc2026-track3-sys019-utt101.wav,3.9733374688566574
sys016,utt004,wav/vmc2026-track3-sys016-utt004.wav,wav/vmc2026-track3-sys019-utt003.wav,4.327077610626624
sys005,utt018,wav/vmc2026-track3-sys005-utt018.wav,wav/vmc2026-track3-sys019-utt017.wav,3.745807054640456
sys024,utt304,wav/vmc2026-track3-sys024-utt304.wav,wav/vmc2026-track3-sys019-utt303.wav,3.8476031068870693
sys014,utt310,wav/vmc2026-track3-sys014-utt310.wav,wav/vmc2026-track3-sys019-utt309.wav,4.682538861949315
sys016,utt132,wav/vmc2026-track3-sys016-utt132.wav,wav/vmc2026-track3-sys019-utt131.wav,3.9338568289654248
sys005,utt270,wav/vmc2026-track3-sys005-utt270.wav,wav/vmc2026-track3-sys019-utt269.wav,3.9734012226955806
sys006,utt214,wav/vmc2026-track3-sys006-utt214.wav,wav/vmc2026-track3-sys019-utt213.wav,4.647364534377317
sys007,utt228,wav/vmc2026-track3-sys007-utt228.wav,wav/vmc2026-track3-sys019-utt227.wav,4.293594781927155
sys002,utt274,wav/vmc2026-track3-sys002-utt274.wav,wav/vmc2026-track3-sys019-utt273.wav,4.401752879810596
sys016,utt038,wav/vmc2026-track3-sys016-utt038.wav,wav/vmc2026-track3-sys019-utt037.wav,3.8518393411526137
sys009,utt172,wav/vmc2026-track3-sys009-utt172.wav,wav/vmc2026-track3-sys019-utt171.wav,4.011840121190063
sys007,utt144,wav/vmc2026-track3-sys007-utt144.wav,wav/vmc2026-track3-sys019-utt143.wav,3.6490867628729786
sys025,utt150,wav/vmc2026-track3-sys025-utt150.wav,wav/vmc2026-track3-sys019-utt149.wav,3.529560108787338
sys005,utt278,wav/vmc2026-track3-sys005-utt278.wav,wav/vmc2026-track3-sys019-utt277.wav,3.9195026807774527
sys012,utt314,wav/vmc2026-track3-sys012-utt314.wav,wav/vmc2026-track3-sys019-utt313.wav,3.92879745399692
sys005,utt186,wav/vmc2026-track3-sys005-utt186.wav,wav/vmc2026-track3-sys019-utt185.wav,3.826586171250381
sys017,utt232,wav/vmc2026-track3-sys017-utt232.wav,wav/vmc2026-track3-sys019-utt231.wav,4.07059098470823
sys006,utt264,wav/vmc2026-track3-sys006-utt264.wav,wav/vmc2026-track3-sys019-utt263.wav,4.412406862466314
sys012,utt262,wav/vmc2026-track3-sys012-utt262.wav,wav/vmc2026-track3-sys019-utt261.wav,4.176634256508034
sys024,utt126,wav/vmc2026-track3-sys024-utt126.wav,wav/vmc2026-track3-sys019-utt125.wav,4.153991787092491
sys013,utt140,wav/vmc2026-track3-sys013-utt140.wav,wav/vmc2026-track3-sys019-utt139.wav,3.5324175425330995
sys001,utt310,wav/vmc2026-track3-sys001-utt310.wav,wav/vmc2026-track3-sys019-utt309.wav,4.326531031016622
sys022,utt174,wav/vmc2026-track3-sys022-utt174.wav,wav/vmc2026-track3-sys019-utt173.wav,3.4346836845268287
sys026,utt050,wav/vmc2026-track3-sys026-utt050.wav,wav/vmc2026-track3-sys019-utt049.wav,4.111189779105205
sys007,utt122,wav/vmc2026-track3-sys007-utt122.wav,wav/vmc2026-track3-sys019-utt121.wav,3.8340321799250967
sys005,utt158,wav/vmc2026-track3-sys005-utt158.wav,wav/vmc2026-track3-sys019-utt157.wav,4.1290592418426995
sys010,utt002,wav/vmc2026-track3-sys010-utt002.wav,wav/vmc2026-track3-sys019-utt001.wav,4.0048686580247495
sys012,utt224,wav/vmc2026-track3-sys012-utt224.wav,wav/vmc2026-track3-sys019-utt223.wav,4.019286554002102
sys013,utt122,wav/vmc2026-track3-sys013-utt122.wav,wav/vmc2026-track3-sys019-utt121.wav,3.995546112240621
sys025,utt018,wav/vmc2026-track3-sys025-utt018.wav,wav/vmc2026-track3-sys019-utt017.wav,3.865732968395791
sys002,utt032,wav/vmc2026-track3-sys002-utt032.wav,wav/vmc2026-track3-sys019-utt031.wav,3.3984530457892337
sys014,utt114,wav/vmc2026-track3-sys014-utt114.wav,wav/vmc2026-track3-sys019-utt113.wav,3.707900092895447
sys020,utt132,wav/vmc2026-track3-sys020-utt132.wav,wav/vmc2026-track3-sys019-utt131.wav,2.9405443983923814
sys025,utt124,wav/vmc2026-track3-sys025-utt124.wav,wav/vmc2026-track3-sys019-utt123.wav,3.88758978485264
sys001,utt320,wav/vmc2026-track3-sys001-utt320.wav,wav/vmc2026-track3-sys019-utt319.wav,4.247595459190654
sys023,utt130,wav/vmc2026-track3-sys023-utt130.wav,wav/vmc2026-track3-sys019-utt129.wav,4.041168843180774
sys017,utt138,wav/vmc2026-track3-sys017-utt138.wav,wav/vmc2026-track3-sys019-utt137.wav,4.1293385165262055
sys007,utt084,wav/vmc2026-track3-sys007-utt084.wav,wav/vmc2026-track3-sys019-utt083.wav,3.6372107851716358
sys011,utt144,wav/vmc2026-track3-sys011-utt144.wav,wav/vmc2026-track3-sys019-utt143.wav,3.908526816139467
sys020,utt184,wav/vmc2026-track3-sys020-utt184.wav,wav/vmc2026-track3-sys019-utt183.wav,3.6471049851419046
sys023,utt050,wav/vmc2026-track3-sys023-utt050.wav,wav/vmc2026-track3-sys019-utt049.wav,4.23662419935283
sys002,utt118,wav/vmc2026-track3-sys002-utt118.wav,wav/vmc2026-track3-sys019-utt117.wav,4.145757701567383
sys017,utt152,wav/vmc2026-track3-sys017-utt152.wav,wav/vmc2026-track3-sys019-utt151.wav,4.161198805460666
sys002,utt080,wav/vmc2026-track3-sys002-utt080.wav,wav/vmc2026-track3-sys019-utt079.wav,3.8482227272187433
sys020,utt214,wav/vmc2026-track3-sys020-utt214.wav,wav/vmc2026-track3-sys019-utt213.wav,3.5596812011985213
sys013,utt020,wav/vmc2026-track3-sys013-utt020.wav,wav/vmc2026-track3-sys019-utt019.wav,3.9310220928780266
sys016,utt076,wav/vmc2026-track3-sys016-utt076.wav,wav/vmc2026-track3-sys019-utt075.wav,4.026406141238882
sys020,utt146,wav/vmc2026-track3-sys020-utt146.wav,wav/vmc2026-track3-sys019-utt145.wav,3.421146405502422
sys005,utt078,wav/vmc2026-track3-sys005-utt078.wav,wav/vmc2026-track3-sys019-utt077.wav,3.668814262170124
sys020,utt178,wav/vmc2026-track3-sys020-utt178.wav,wav/vmc2026-track3-sys019-utt177.wav,3.5633033975670916
sys024,utt104,wav/vmc2026-track3-sys024-utt104.wav,wav/vmc2026-track3-sys019-utt103.wav,4.3635381657041705
sys022,utt140,wav/vmc2026-track3-sys022-utt140.wav,wav/vmc2026-track3-sys019-utt139.wav,3.2470517972031043
sys025,utt196,wav/vmc2026-track3-sys025-utt196.wav,wav/vmc2026-track3-sys019-utt195.wav,4.143457649083777
sys006,utt228,wav/vmc2026-track3-sys006-utt228.wav,wav/vmc2026-track3-sys019-utt227.wav,4.663964409057557
sys017,utt290,wav/vmc2026-track3-sys017-utt290.wav,wav/vmc2026-track3-sys019-utt289.wav,4.1940314937915115
sys018,utt002,wav/vmc2026-track3-sys018-utt002.wav,wav/vmc2026-track3-sys019-utt001.wav,3.7338227770286476
sys017,utt010,wav/vmc2026-track3-sys017-utt010.wav,wav/vmc2026-track3-sys019-utt009.wav,4.067174686636155
sys017,utt196,wav/vmc2026-track3-sys017-utt196.wav,wav/vmc2026-track3-sys019-utt195.wav,4.473673835004078
sys023,utt228,wav/vmc2026-track3-sys023-utt228.wav,wav/vmc2026-track3-sys019-utt227.wav,4.1772084880638625
sys001,utt292,wav/vmc2026-track3-sys001-utt292.wav,wav/vmc2026-track3-sys019-utt291.wav,4.335690264567567
sys022,utt300,wav/vmc2026-track3-sys022-utt300.wav,wav/vmc2026-track3-sys019-utt299.wav,3.9971813845544406
sys022,utt206,wav/vmc2026-track3-sys022-utt206.wav,wav/vmc2026-track3-sys019-utt205.wav,3.84125123971058
sys011,utt262,wav/vmc2026-track3-sys011-utt262.wav,wav/vmc2026-track3-sys019-utt261.wav,4.401755737132124
sys022,utt316,wav/vmc2026-track3-sys022-utt316.wav,wav/vmc2026-track3-sys019-utt315.wav,3.6522276442173887
sys006,utt102,wav/vmc2026-track3-sys006-utt102.wav,wav/vmc2026-track3-sys019-utt101.wav,4.573691168205939
sys017,utt134,wav/vmc2026-track3-sys017-utt134.wav,wav/vmc2026-track3-sys019-utt133.wav,3.8735239019893926
sys024,utt010,wav/vmc2026-track3-sys024-utt010.wav,wav/vmc2026-track3-sys019-utt009.wav,3.7952437380823243
sys010,utt118,wav/vmc2026-track3-sys010-utt118.wav,wav/vmc2026-track3-sys019-utt117.wav,3.735158153006073
sys007,utt044,wav/vmc2026-track3-sys007-utt044.wav,wav/vmc2026-track3-sys019-utt043.wav,4.016898938689392
sys017,utt186,wav/vmc2026-track3-sys017-utt186.wav,wav/vmc2026-track3-sys019-utt185.wav,3.85610966750004
sys010,utt294,wav/vmc2026-track3-sys010-utt294.wav,wav/vmc2026-track3-sys019-utt293.wav,4.092234944027854
sys012,utt250,wav/vmc2026-track3-sys012-utt250.wav,wav/vmc2026-track3-sys019-utt249.wav,4.096420191643939
sys005,utt214,wav/vmc2026-track3-sys005-utt214.wav,wav/vmc2026-track3-sys019-utt213.wav,3.86408002122633
sys008,utt160,wav/vmc2026-track3-sys008-utt160.wav,wav/vmc2026-track3-sys019-utt159.wav,4.694661167869144
sys022,utt314,wav/vmc2026-track3-sys022-utt314.wav,wav/vmc2026-track3-sys019-utt313.wav,3.6797695977778715
sys022,utt028,wav/vmc2026-track3-sys022-utt028.wav,wav/vmc2026-track3-sys019-utt027.wav,4.204605961257456
sys006,utt150,wav/vmc2026-track3-sys006-utt150.wav,wav/vmc2026-track3-sys019-utt149.wav,4.112422779440606
sys013,utt314,wav/vmc2026-track3-sys013-utt314.wav,wav/vmc2026-track3-sys019-utt313.wav,3.9408233428969153
sys018,utt090,wav/vmc2026-track3-sys018-utt090.wav,wav/vmc2026-track3-sys019-utt089.wav,3.849251414756443
sys012,utt062,wav/vmc2026-track3-sys012-utt062.wav,wav/vmc2026-track3-sys019-utt061.wav,3.944460165840337
sys005,utt310,wav/vmc2026-track3-sys005-utt310.wav,wav/vmc2026-track3-sys019-utt309.wav,3.639442390449745
sys010,utt180,wav/vmc2026-track3-sys010-utt180.wav,wav/vmc2026-track3-sys019-utt179.wav,3.0941505626765555
sys017,utt008,wav/vmc2026-track3-sys017-utt008.wav,wav/vmc2026-track3-sys019-utt007.wav,4.269361365128455
sys006,utt186,wav/vmc2026-track3-sys006-utt186.wav,wav/vmc2026-track3-sys019-utt185.wav,4.475054244774959
sys016,utt108,wav/vmc2026-track3-sys016-utt108.wav,wav/vmc2026-track3-sys019-utt107.wav,4.110666641830727
sys020,utt104,wav/vmc2026-track3-sys020-utt104.wav,wav/vmc2026-track3-sys019-utt103.wav,3.951058803740739
sys023,utt308,wav/vmc2026-track3-sys023-utt308.wav,wav/vmc2026-track3-sys019-utt307.wav,4.312214060759753
sys020,utt122,wav/vmc2026-track3-sys020-utt122.wav,wav/vmc2026-track3-sys019-utt121.wav,3.702070569160865
sys013,utt110,wav/vmc2026-track3-sys013-utt110.wav,wav/vmc2026-track3-sys019-utt109.wav,4.166944525680743
sys026,utt192,wav/vmc2026-track3-sys026-utt192.wav,wav/vmc2026-track3-sys019-utt191.wav,4.09362163520347
sys011,utt022,wav/vmc2026-track3-sys011-utt022.wav,wav/vmc2026-track3-sys019-utt021.wav,4.265753600440715
sys011,utt222,wav/vmc2026-track3-sys011-utt222.wav,wav/vmc2026-track3-sys019-utt221.wav,4.389987613624595
sys023,utt292,wav/vmc2026-track3-sys023-utt292.wav,wav/vmc2026-track3-sys019-utt291.wav,4.246982641903304
sys023,utt138,wav/vmc2026-track3-sys023-utt138.wav,wav/vmc2026-track3-sys019-utt137.wav,3.9962567617964315
sys012,utt200,wav/vmc2026-track3-sys012-utt200.wav,wav/vmc2026-track3-sys019-utt199.wav,4.174546848586654
sys009,utt180,wav/vmc2026-track3-sys009-utt180.wav,wav/vmc2026-track3-sys019-utt179.wav,3.7700506952262565
sys010,utt152,wav/vmc2026-track3-sys010-utt152.wav,wav/vmc2026-track3-sys019-utt151.wav,4.044108179495475
sys026,utt318,wav/vmc2026-track3-sys026-utt318.wav,wav/vmc2026-track3-sys019-utt317.wav,4.1093808525557085
sys017,utt206,wav/vmc2026-track3-sys017-utt206.wav,wav/vmc2026-track3-sys019-utt205.wav,3.854389119092939
sys018,utt318,wav/vmc2026-track3-sys018-utt318.wav,wav/vmc2026-track3-sys019-utt317.wav,4.212726539421645
sys005,utt122,wav/vmc2026-track3-sys005-utt122.wav,wav/vmc2026-track3-sys019-utt121.wav,3.854755041598361
sys013,utt224,wav/vmc2026-track3-sys013-utt224.wav,wav/vmc2026-track3-sys019-utt223.wav,4.381275356222978
sys020,utt008,wav/vmc2026-track3-sys020-utt008.wav,wav/vmc2026-track3-sys019-utt007.wav,3.8289166167657913
sys017,utt200,wav/vmc2026-track3-sys017-utt200.wav,wav/vmc2026-track3-sys019-utt199.wav,4.605706040793542
sys011,utt088,wav/vmc2026-track3-sys011-utt088.wav,wav/vmc2026-track3-sys019-utt087.wav,4.5752823498201325
sys020,utt022,wav/vmc2026-track3-sys020-utt022.wav,wav/vmc2026-track3-sys019-utt021.wav,3.489422000834951
sys013,utt182,wav/vmc2026-track3-sys013-utt182.wav,wav/vmc2026-track3-sys019-utt181.wav,4.025679806638929
sys007,utt220,wav/vmc2026-track3-sys007-utt220.wav,wav/vmc2026-track3-sys019-utt219.wav,4.295138575769271
sys005,utt234,wav/vmc2026-track3-sys005-utt234.wav,wav/vmc2026-track3-sys019-utt233.wav,3.697943543596015
sys025,utt088,wav/vmc2026-track3-sys025-utt088.wav,wav/vmc2026-track3-sys019-utt087.wav,3.641221082245293
sys005,utt128,wav/vmc2026-track3-sys005-utt128.wav,wav/vmc2026-track3-sys019-utt127.wav,3.7637122351249146
sys013,utt176,wav/vmc2026-track3-sys013-utt176.wav,wav/vmc2026-track3-sys019-utt175.wav,3.605982212016267
sys017,utt194,wav/vmc2026-track3-sys017-utt194.wav,wav/vmc2026-track3-sys019-utt193.wav,4.376322022043048
sys005,utt084,wav/vmc2026-track3-sys005-utt084.wav,wav/vmc2026-track3-sys019-utt083.wav,3.5516219874251873
sys022,utt180,wav/vmc2026-track3-sys022-utt180.wav,wav/vmc2026-track3-sys019-utt179.wav,3.184804125642316
sys008,utt070,wav/vmc2026-track3-sys008-utt070.wav,wav/vmc2026-track3-sys019-utt069.wav,4.417429822586765
sys007,utt138,wav/vmc2026-track3-sys007-utt138.wav,wav/vmc2026-track3-sys019-utt137.wav,3.9267804487388416
sys010,utt080,wav/vmc2026-track3-sys010-utt080.wav,wav/vmc2026-track3-sys019-utt079.wav,3.408035265627586
sys016,utt158,wav/vmc2026-track3-sys016-utt158.wav,wav/vmc2026-track3-sys019-utt157.wav,4.326110727250809
sys006,utt282,wav/vmc2026-track3-sys006-utt282.wav,wav/vmc2026-track3-sys019-utt281.wav,4.385193936078884
sys007,utt014,wav/vmc2026-track3-sys007-utt014.wav,wav/vmc2026-track3-sys019-utt013.wav,4.010380940622658
sys020,utt102,wav/vmc2026-track3-sys020-utt102.wav,wav/vmc2026-track3-sys019-utt101.wav,3.5653660828792963
sys006,utt080,wav/vmc2026-track3-sys006-utt080.wav,wav/vmc2026-track3-sys019-utt079.wav,4.075601503173058
sys013,utt146,wav/vmc2026-track3-sys013-utt146.wav,wav/vmc2026-track3-sys019-utt145.wav,4.073256252741843
sys010,utt216,wav/vmc2026-track3-sys010-utt216.wav,wav/vmc2026-track3-sys019-utt215.wav,3.9946242793948215
sys024,utt268,wav/vmc2026-track3-sys024-utt268.wav,wav/vmc2026-track3-sys019-utt267.wav,4.079802314752051
sys025,utt002,wav/vmc2026-track3-sys025-utt002.wav,wav/vmc2026-track3-sys019-utt001.wav,3.848947468940874
sys014,utt194,wav/vmc2026-track3-sys014-utt194.wav,wav/vmc2026-track3-sys019-utt193.wav,4.948402956671063
sys020,utt018,wav/vmc2026-track3-sys020-utt018.wav,wav/vmc2026-track3-sys019-utt017.wav,3.8203071551637393
sys010,utt186,wav/vmc2026-track3-sys010-utt186.wav,wav/vmc2026-track3-sys019-utt185.wav,3.7792816907586295
sys020,utt030,wav/vmc2026-track3-sys020-utt030.wav,wav/vmc2026-track3-sys019-utt029.wav,3.4666932914761093
sys006,utt072,wav/vmc2026-track3-sys006-utt072.wav,wav/vmc2026-track3-sys019-utt071.wav,4.178726229000609
sys020,utt196,wav/vmc2026-track3-sys020-utt196.wav,wav/vmc2026-track3-sys019-utt195.wav,3.972069374964178
sys002,utt160,wav/vmc2026-track3-sys002-utt160.wav,wav/vmc2026-track3-sys019-utt159.wav,4.415160223686721
sys010,utt202,wav/vmc2026-track3-sys010-utt202.wav,wav/vmc2026-track3-sys019-utt201.wav,4.051939829286992
sys022,utt146,wav/vmc2026-track3-sys022-utt146.wav,wav/vmc2026-track3-sys019-utt145.wav,3.7777322535652096
sys026,utt082,wav/vmc2026-track3-sys026-utt082.wav,wav/vmc2026-track3-sys019-utt081.wav,3.8269129018479555
sys017,utt286,wav/vmc2026-track3-sys017-utt286.wav,wav/vmc2026-track3-sys019-utt285.wav,3.8155342704083566
sys002,utt242,wav/vmc2026-track3-sys002-utt242.wav,wav/vmc2026-track3-sys019-utt241.wav,4.379813026128104
sys001,utt270,wav/vmc2026-track3-sys001-utt270.wav,wav/vmc2026-track3-sys019-utt269.wav,4.325566869141639
sys008,utt110,wav/vmc2026-track3-sys008-utt110.wav,wav/vmc2026-track3-sys019-utt109.wav,4.615751526985333
sys010,utt066,wav/vmc2026-track3-sys010-utt066.wav,wav/vmc2026-track3-sys019-utt065.wav,3.9155061754792673
sys013,utt230,wav/vmc2026-track3-sys013-utt230.wav,wav/vmc2026-track3-sys019-utt229.wav,4.294799138165531
sys017,utt308,wav/vmc2026-track3-sys017-utt308.wav,wav/vmc2026-track3-sys019-utt307.wav,4.427954889706224
sys007,utt130,wav/vmc2026-track3-sys007-utt130.wav,wav/vmc2026-track3-sys019-utt129.wav,3.956947844650185
sys013,utt108,wav/vmc2026-track3-sys013-utt108.wav,wav/vmc2026-track3-sys019-utt107.wav,4.217290863575214
sys024,utt286,wav/vmc2026-track3-sys024-utt286.wav,wav/vmc2026-track3-sys019-utt285.wav,3.7328622359154866
sys024,utt006,wav/vmc2026-track3-sys024-utt006.wav,wav/vmc2026-track3-sys019-utt005.wav,3.9001049510761274
sys022,utt072,wav/vmc2026-track3-sys022-utt072.wav,wav/vmc2026-track3-sys019-utt071.wav,3.81892485354509
sys012,utt016,wav/vmc2026-track3-sys012-utt016.wav,wav/vmc2026-track3-sys019-utt015.wav,3.7210719872038163
sys001,utt086,wav/vmc2026-track3-sys001-utt086.wav,wav/vmc2026-track3-sys019-utt085.wav,4.604658582980711
sys023,utt116,wav/vmc2026-track3-sys023-utt116.wav,wav/vmc2026-track3-sys019-utt115.wav,3.769832078493494
sys024,utt218,wav/vmc2026-track3-sys024-utt218.wav,wav/vmc2026-track3-sys019-utt217.wav,4.3609695410434055
sys002,utt112,wav/vmc2026-track3-sys002-utt112.wav,wav/vmc2026-track3-sys019-utt111.wav,3.6577002759689607
sys018,utt118,wav/vmc2026-track3-sys018-utt118.wav,wav/vmc2026-track3-sys019-utt117.wav,3.9214113454450303
sys017,utt218,wav/vmc2026-track3-sys017-utt218.wav,wav/vmc2026-track3-sys019-utt217.wav,4.66732931010424
sys018,utt302,wav/vmc2026-track3-sys018-utt302.wav,wav/vmc2026-track3-sys019-utt301.wav,3.9587947082373027
sys001,utt044,wav/vmc2026-track3-sys001-utt044.wav,wav/vmc2026-track3-sys019-utt043.wav,4.026257478314366
sys009,utt016,wav/vmc2026-track3-sys009-utt016.wav,wav/vmc2026-track3-sys019-utt015.wav,4.172572027394513
sys018,utt062,wav/vmc2026-track3-sys018-utt062.wav,wav/vmc2026-track3-sys019-utt061.wav,3.5667552505521214
sys002,utt018,wav/vmc2026-track3-sys002-utt018.wav,wav/vmc2026-track3-sys019-utt017.wav,4.315439998367515
sys007,utt066,wav/vmc2026-track3-sys007-utt066.wav,wav/vmc2026-track3-sys019-utt065.wav,4.098541209690183
sys007,utt118,wav/vmc2026-track3-sys007-utt118.wav,wav/vmc2026-track3-sys019-utt117.wav,3.8049663198492816
sys017,utt002,wav/vmc2026-track3-sys017-utt002.wav,wav/vmc2026-track3-sys019-utt001.wav,3.73536473072411
sys023,utt016,wav/vmc2026-track3-sys023-utt016.wav,wav/vmc2026-track3-sys019-utt015.wav,3.862096079932521
sys020,utt086,wav/vmc2026-track3-sys020-utt086.wav,wav/vmc2026-track3-sys019-utt085.wav,3.5402729288779766
sys009,utt150,wav/vmc2026-track3-sys009-utt150.wav,wav/vmc2026-track3-sys019-utt149.wav,4.048552335202521
sys002,utt022,wav/vmc2026-track3-sys002-utt022.wav,wav/vmc2026-track3-sys019-utt021.wav,4.18939755199096
sys023,utt048,wav/vmc2026-track3-sys023-utt048.wav,wav/vmc2026-track3-sys019-utt047.wav,4.437311809946917
sys025,utt180,wav/vmc2026-track3-sys025-utt180.wav,wav/vmc2026-track3-sys019-utt179.wav,3.4533134211244008
sys026,utt198,wav/vmc2026-track3-sys026-utt198.wav,wav/vmc2026-track3-sys019-utt197.wav,4.031572979543928
sys022,utt224,wav/vmc2026-track3-sys022-utt224.wav,wav/vmc2026-track3-sys019-utt223.wav,4.252267648119605
sys013,utt280,wav/vmc2026-track3-sys013-utt280.wav,wav/vmc2026-track3-sys019-utt279.wav,4.331271541156415
sys014,utt186,wav/vmc2026-track3-sys014-utt186.wav,wav/vmc2026-track3-sys019-utt185.wav,4.48505477591394
sys026,utt020,wav/vmc2026-track3-sys026-utt020.wav,wav/vmc2026-track3-sys019-utt019.wav,3.9113538430094037
sys005,utt292,wav/vmc2026-track3-sys005-utt292.wav,wav/vmc2026-track3-sys019-utt291.wav,4.010035293478843
sys020,utt270,wav/vmc2026-track3-sys020-utt270.wav,wav/vmc2026-track3-sys019-utt269.wav,3.7993052099966826
sys006,utt172,wav/vmc2026-track3-sys006-utt172.wav,wav/vmc2026-track3-sys019-utt171.wav,4.199807799384859
sys023,utt242,wav/vmc2026-track3-sys023-utt242.wav,wav/vmc2026-track3-sys019-utt241.wav,4.237281932498794
sys005,utt232,wav/vmc2026-track3-sys005-utt232.wav,wav/vmc2026-track3-sys019-utt231.wav,3.727112999921226
sys013,utt232,wav/vmc2026-track3-sys013-utt232.wav,wav/vmc2026-track3-sys019-utt231.wav,3.822443780223094
sys001,utt078,wav/vmc2026-track3-sys001-utt078.wav,wav/vmc2026-track3-sys019-utt077.wav,4.451501141425082
sys016,utt048,wav/vmc2026-track3-sys016-utt048.wav,wav/vmc2026-track3-sys019-utt047.wav,4.188668812783369
sys026,utt104,wav/vmc2026-track3-sys026-utt104.wav,wav/vmc2026-track3-sys019-utt103.wav,3.955537870050407
sys013,utt316,wav/vmc2026-track3-sys013-utt316.wav,wav/vmc2026-track3-sys019-utt315.wav,3.841464983492808
sys020,utt264,wav/vmc2026-track3-sys020-utt264.wav,wav/vmc2026-track3-sys019-utt263.wav,3.5309895975595538
sys022,utt262,wav/vmc2026-track3-sys022-utt262.wav,wav/vmc2026-track3-sys019-utt261.wav,4.060629505887931
sys011,utt314,wav/vmc2026-track3-sys011-utt314.wav,wav/vmc2026-track3-sys019-utt313.wav,4.2077901868584275
sys024,utt200,wav/vmc2026-track3-sys024-utt200.wav,wav/vmc2026-track3-sys019-utt199.wav,4.458297647208645
sys024,utt072,wav/vmc2026-track3-sys024-utt072.wav,wav/vmc2026-track3-sys019-utt071.wav,3.942084940107692
sys024,utt226,wav/vmc2026-track3-sys024-utt226.wav,wav/vmc2026-track3-sys019-utt225.wav,4.063691944828411
sys011,utt294,wav/vmc2026-track3-sys011-utt294.wav,wav/vmc2026-track3-sys019-utt293.wav,4.5189816553933895
sys001,utt010,wav/vmc2026-track3-sys001-utt010.wav,wav/vmc2026-track3-sys019-utt009.wav,4.607143370819209
sys012,utt050,wav/vmc2026-track3-sys012-utt050.wav,wav/vmc2026-track3-sys019-utt049.wav,4.280200280167197
sys009,utt122,wav/vmc2026-track3-sys009-utt122.wav,wav/vmc2026-track3-sys019-utt121.wav,4.201509736212393
sys018,utt040,wav/vmc2026-track3-sys018-utt040.wav,wav/vmc2026-track3-sys019-utt039.wav,3.5815983292536444
sys002,utt150,wav/vmc2026-track3-sys002-utt150.wav,wav/vmc2026-track3-sys019-utt149.wav,3.899363383585231
sys006,utt292,wav/vmc2026-track3-sys006-utt292.wav,wav/vmc2026-track3-sys019-utt291.wav,4.413592354061327
sys014,utt272,wav/vmc2026-track3-sys014-utt272.wav,wav/vmc2026-track3-sys019-utt271.wav,4.680346628764203
sys023,utt288,wav/vmc2026-track3-sys023-utt288.wav,wav/vmc2026-track3-sys019-utt287.wav,4.092802526098169
sys002,utt082,wav/vmc2026-track3-sys002-utt082.wav,wav/vmc2026-track3-sys019-utt081.wav,3.811004724199867
sys024,utt108,wav/vmc2026-track3-sys024-utt108.wav,wav/vmc2026-track3-sys019-utt107.wav,3.944654592106323
sys002,utt314,wav/vmc2026-track3-sys002-utt314.wav,wav/vmc2026-track3-sys019-utt313.wav,3.874001049478984
sys011,utt316,wav/vmc2026-track3-sys011-utt316.wav,wav/vmc2026-track3-sys019-utt315.wav,4.105719960735004
sys010,utt224,wav/vmc2026-track3-sys010-utt224.wav,wav/vmc2026-track3-sys019-utt223.wav,3.9038390085066546
sys017,utt248,wav/vmc2026-track3-sys017-utt248.wav,wav/vmc2026-track3-sys019-utt247.wav,4.5673886942693755
sys022,utt124,wav/vmc2026-track3-sys022-utt124.wav,wav/vmc2026-track3-sys019-utt123.wav,3.536476900498223
sys024,utt102,wav/vmc2026-track3-sys024-utt102.wav,wav/vmc2026-track3-sys019-utt101.wav,4.095583466857981
sys007,utt012,wav/vmc2026-track3-sys007-utt012.wav,wav/vmc2026-track3-sys019-utt011.wav,3.9208866935225184
sys001,utt180,wav/vmc2026-track3-sys001-utt180.wav,wav/vmc2026-track3-sys019-utt179.wav,3.9217349153018333
sys025,utt042,wav/vmc2026-track3-sys025-utt042.wav,wav/vmc2026-track3-sys019-utt041.wav,3.99273723079498
sys001,utt062,wav/vmc2026-track3-sys001-utt062.wav,wav/vmc2026-track3-sys019-utt061.wav,4.048450718652894
sys024,utt012,wav/vmc2026-track3-sys024-utt012.wav,wav/vmc2026-track3-sys019-utt011.wav,3.985633178905688
sys024,utt312,wav/vmc2026-track3-sys024-utt312.wav,wav/vmc2026-track3-sys019-utt311.wav,3.8870437541172973
sys016,utt134,wav/vmc2026-track3-sys016-utt134.wav,wav/vmc2026-track3-sys019-utt133.wav,3.5852652571315295
sys014,utt130,wav/vmc2026-track3-sys014-utt130.wav,wav/vmc2026-track3-sys019-utt129.wav,4.5549544948309935
sys020,utt208,wav/vmc2026-track3-sys020-utt208.wav,wav/vmc2026-track3-sys019-utt207.wav,3.496262938384646
sys020,utt038,wav/vmc2026-track3-sys020-utt038.wav,wav/vmc2026-track3-sys019-utt037.wav,3.63584619865951
sys010,utt198,wav/vmc2026-track3-sys010-utt198.wav,wav/vmc2026-track3-sys019-utt197.wav,4.2769695390452975
sys023,utt182,wav/vmc2026-track3-sys023-utt182.wav,wav/vmc2026-track3-sys019-utt181.wav,4.320195471688788
sys005,utt194,wav/vmc2026-track3-sys005-utt194.wav,wav/vmc2026-track3-sys019-utt193.wav,3.9030639918687604
sys007,utt178,wav/vmc2026-track3-sys007-utt178.wav,wav/vmc2026-track3-sys019-utt177.wav,3.8415591983874537
sys011,utt120,wav/vmc2026-track3-sys011-utt120.wav,wav/vmc2026-track3-sys019-utt119.wav,3.874875039087094
sys018,utt290,wav/vmc2026-track3-sys018-utt290.wav,wav/vmc2026-track3-sys019-utt289.wav,3.8029153886111606
sys010,utt316,wav/vmc2026-track3-sys010-utt316.wav,wav/vmc2026-track3-sys019-utt315.wav,3.6395204555708043
sys010,utt310,wav/vmc2026-track3-sys010-utt310.wav,wav/vmc2026-track3-sys019-utt309.wav,4.093492164360969
sys018,utt298,wav/vmc2026-track3-sys018-utt298.wav,wav/vmc2026-track3-sys019-utt297.wav,4.0274729027404605
sys005,utt238,wav/vmc2026-track3-sys005-utt238.wav,wav/vmc2026-track3-sys019-utt237.wav,3.9951388527060625
sys022,utt032,wav/vmc2026-track3-sys022-utt032.wav,wav/vmc2026-track3-sys019-utt031.wav,3.5002824032563997
sys026,utt246,wav/vmc2026-track3-sys026-utt246.wav,wav/vmc2026-track3-sys019-utt245.wav,3.997883769076349
sys002,utt138,wav/vmc2026-track3-sys002-utt138.wav,wav/vmc2026-track3-sys019-utt137.wav,3.9191116398446995
sys005,utt174,wav/vmc2026-track3-sys005-utt174.wav,wav/vmc2026-track3-sys019-utt173.wav,3.211109109190204
sys018,utt080,wav/vmc2026-track3-sys018-utt080.wav,wav/vmc2026-track3-sys019-utt079.wav,3.7343678660477075
sys026,utt116,wav/vmc2026-track3-sys026-utt116.wav,wav/vmc2026-track3-sys019-utt115.wav,3.5814270225854146
sys016,utt036,wav/vmc2026-track3-sys016-utt036.wav,wav/vmc2026-track3-sys019-utt035.wav,3.567029513687239
sys022,utt158,wav/vmc2026-track3-sys022-utt158.wav,wav/vmc2026-track3-sys019-utt157.wav,4.281441086770035
sys007,utt050,wav/vmc2026-track3-sys007-utt050.wav,wav/vmc2026-track3-sys019-utt049.wav,4.211714147921738
sys001,utt028,wav/vmc2026-track3-sys001-utt028.wav,wav/vmc2026-track3-sys019-utt027.wav,4.187593901786891
sys020,utt046,wav/vmc2026-track3-sys020-utt046.wav,wav/vmc2026-track3-sys019-utt045.wav,3.506027565014047
sys026,utt160,wav/vmc2026-track3-sys026-utt160.wav,wav/vmc2026-track3-sys019-utt159.wav,4.209922136619494
sys022,utt064,wav/vmc2026-track3-sys022-utt064.wav,wav/vmc2026-track3-sys019-utt063.wav,3.2827644640707607
sys009,utt130,wav/vmc2026-track3-sys009-utt130.wav,wav/vmc2026-track3-sys019-utt129.wav,4.233300821867235
sys005,utt306,wav/vmc2026-track3-sys005-utt306.wav,wav/vmc2026-track3-sys019-utt305.wav,3.608501647082513
sys007,utt242,wav/vmc2026-track3-sys007-utt242.wav,wav/vmc2026-track3-sys019-utt241.wav,4.067928060250726
sys002,utt076,wav/vmc2026-track3-sys002-utt076.wav,wav/vmc2026-track3-sys019-utt075.wav,4.349270180028243
sys024,utt284,wav/vmc2026-track3-sys024-utt284.wav,wav/vmc2026-track3-sys019-utt283.wav,3.986645747554452
sys018,utt294,wav/vmc2026-track3-sys018-utt294.wav,wav/vmc2026-track3-sys019-utt293.wav,3.475247596131557
sys020,utt062,wav/vmc2026-track3-sys020-utt062.wav,wav/vmc2026-track3-sys019-utt061.wav,3.7556269596260754
sys005,utt204,wav/vmc2026-track3-sys005-utt204.wav,wav/vmc2026-track3-sys019-utt203.wav,3.445852254970567
sys026,utt208,wav/vmc2026-track3-sys026-utt208.wav,wav/vmc2026-track3-sys019-utt207.wav,3.9312394784677935
sys010,utt022,wav/vmc2026-track3-sys010-utt022.wav,wav/vmc2026-track3-sys019-utt021.wav,3.7578017865222058
sys001,utt132,wav/vmc2026-track3-sys001-utt132.wav,wav/vmc2026-track3-sys019-utt131.wav,3.6719503467749512
sys018,utt154,wav/vmc2026-track3-sys018-utt154.wav,wav/vmc2026-track3-sys019-utt153.wav,4.151645889865515
sys023,utt156,wav/vmc2026-track3-sys023-utt156.wav,wav/vmc2026-track3-sys019-utt155.wav,4.418129151069083
sys012,utt288,wav/vmc2026-track3-sys012-utt288.wav,wav/vmc2026-track3-sys019-utt287.wav,4.059573720277777
sys008,utt144,wav/vmc2026-track3-sys008-utt144.wav,wav/vmc2026-track3-sys019-utt143.wav,3.988856546984445
sys002,utt198,wav/vmc2026-track3-sys002-utt198.wav,wav/vmc2026-track3-sys019-utt197.wav,4.755757555437916
sys013,utt046,wav/vmc2026-track3-sys013-utt046.wav,wav/vmc2026-track3-sys019-utt045.wav,4.064140988123554
sys008,utt146,wav/vmc2026-track3-sys008-utt146.wav,wav/vmc2026-track3-sys019-utt145.wav,4.431462902573992
sys008,utt004,wav/vmc2026-track3-sys008-utt004.wav,wav/vmc2026-track3-sys019-utt003.wav,4.57895184299087
sys001,utt218,wav/vmc2026-track3-sys001-utt218.wav,wav/vmc2026-track3-sys019-utt217.wav,4.492559783401637
sys012,utt090,wav/vmc2026-track3-sys012-utt090.wav,wav/vmc2026-track3-sys019-utt089.wav,4.080329688230484
sys008,utt158,wav/vmc2026-track3-sys008-utt158.wav,wav/vmc2026-track3-sys019-utt157.wav,4.634274642802696
sys023,utt196,wav/vmc2026-track3-sys023-utt196.wav,wav/vmc2026-track3-sys019-utt195.wav,4.326593460258993
sys011,utt198,wav/vmc2026-track3-sys011-utt198.wav,wav/vmc2026-track3-sys019-utt197.wav,4.531328307138051
sys008,utt302,wav/vmc2026-track3-sys008-utt302.wav,wav/vmc2026-track3-sys019-utt301.wav,4.416515522769072
sys026,utt222,wav/vmc2026-track3-sys026-utt222.wav,wav/vmc2026-track3-sys019-utt221.wav,3.8703695515399286
sys026,utt090,wav/vmc2026-track3-sys026-utt090.wav,wav/vmc2026-track3-sys019-utt089.wav,3.4983957638511582
sys014,utt160,wav/vmc2026-track3-sys014-utt160.wav,wav/vmc2026-track3-sys019-utt159.wav,4.84970291255533
sys010,utt064,wav/vmc2026-track3-sys010-utt064.wav,wav/vmc2026-track3-sys019-utt063.wav,3.416659878207401
sys012,utt018,wav/vmc2026-track3-sys012-utt018.wav,wav/vmc2026-track3-sys019-utt017.wav,4.3362025369734996
sys006,utt200,wav/vmc2026-track3-sys006-utt200.wav,wav/vmc2026-track3-sys019-utt199.wav,4.812013482330625
sys018,utt312,wav/vmc2026-track3-sys018-utt312.wav,wav/vmc2026-track3-sys019-utt311.wav,3.8505806644358467
sys026,utt186,wav/vmc2026-track3-sys026-utt186.wav,wav/vmc2026-track3-sys019-utt185.wav,4.030857369568465
sys023,utt246,wav/vmc2026-track3-sys023-utt246.wav,wav/vmc2026-track3-sys019-utt245.wav,4.303892569415821
sys010,utt006,wav/vmc2026-track3-sys010-utt006.wav,wav/vmc2026-track3-sys019-utt005.wav,3.7300451650053104
sys001,utt110,wav/vmc2026-track3-sys001-utt110.wav,wav/vmc2026-track3-sys019-utt109.wav,4.361367752252216
sys014,utt236,wav/vmc2026-track3-sys014-utt236.wav,wav/vmc2026-track3-sys019-utt235.wav,4.187667708412913
sys012,utt272,wav/vmc2026-track3-sys012-utt272.wav,wav/vmc2026-track3-sys019-utt271.wav,4.482051827101798
sys002,utt204,wav/vmc2026-track3-sys002-utt204.wav,wav/vmc2026-track3-sys019-utt203.wav,4.0439941661912275
sys007,utt298,wav/vmc2026-track3-sys007-utt298.wav,wav/vmc2026-track3-sys019-utt297.wav,4.064845042690037
sys016,utt106,wav/vmc2026-track3-sys016-utt106.wav,wav/vmc2026-track3-sys019-utt105.wav,4.00967082713327
sys008,utt014,wav/vmc2026-track3-sys008-utt014.wav,wav/vmc2026-track3-sys019-utt013.wav,4.548301078475122
sys025,utt082,wav/vmc2026-track3-sys025-utt082.wav,wav/vmc2026-track3-sys019-utt081.wav,3.405759800911788
sys006,utt300,wav/vmc2026-track3-sys006-utt300.wav,wav/vmc2026-track3-sys019-utt299.wav,4.850632142430079
sys025,utt286,wav/vmc2026-track3-sys025-utt286.wav,wav/vmc2026-track3-sys019-utt285.wav,3.779173403638905
sys017,utt284,wav/vmc2026-track3-sys017-utt284.wav,wav/vmc2026-track3-sys019-utt283.wav,4.110947524591861
sys006,utt182,wav/vmc2026-track3-sys006-utt182.wav,wav/vmc2026-track3-sys019-utt181.wav,4.440611530075529
sys012,utt178,wav/vmc2026-track3-sys012-utt178.wav,wav/vmc2026-track3-sys019-utt177.wav,3.6102517488066055
sys016,utt070,wav/vmc2026-track3-sys016-utt070.wav,wav/vmc2026-track3-sys019-utt069.wav,3.8002928119348764
sys006,utt122,wav/vmc2026-track3-sys006-utt122.wav,wav/vmc2026-track3-sys019-utt121.wav,4.320004273924871
sys011,utt298,wav/vmc2026-track3-sys011-utt298.wav,wav/vmc2026-track3-sys019-utt297.wav,4.641418289039672
sys006,utt026,wav/vmc2026-track3-sys006-utt026.wav,wav/vmc2026-track3-sys019-utt025.wav,4.539885639266691
sys012,utt116,wav/vmc2026-track3-sys012-utt116.wav,wav/vmc2026-track3-sys019-utt115.wav,3.832045273612193
sys023,utt248,wav/vmc2026-track3-sys023-utt248.wav,wav/vmc2026-track3-sys019-utt247.wav,4.351466111061658
sys018,utt288,wav/vmc2026-track3-sys018-utt288.wav,wav/vmc2026-track3-sys019-utt287.wav,3.8561584329088827
sys012,utt198,wav/vmc2026-track3-sys012-utt198.wav,wav/vmc2026-track3-sys019-utt197.wav,3.673729160802366
sys014,utt192,wav/vmc2026-track3-sys014-utt192.wav,wav/vmc2026-track3-sys019-utt191.wav,4.60126015075778
sys017,utt242,wav/vmc2026-track3-sys017-utt242.wav,wav/vmc2026-track3-sys019-utt241.wav,4.617348370364415
sys010,utt210,wav/vmc2026-track3-sys010-utt210.wav,wav/vmc2026-track3-sys019-utt209.wav,3.392874888898749
sys024,utt134,wav/vmc2026-track3-sys024-utt134.wav,wav/vmc2026-track3-sys019-utt133.wav,3.545818708548158
sys013,utt090,wav/vmc2026-track3-sys013-utt090.wav,wav/vmc2026-track3-sys019-utt089.wav,3.785386981819701
sys006,utt160,wav/vmc2026-track3-sys006-utt160.wav,wav/vmc2026-track3-sys019-utt159.wav,4.871900938655856
sys020,utt276,wav/vmc2026-track3-sys020-utt276.wav,wav/vmc2026-track3-sys019-utt275.wav,3.5982028057339863
sys017,utt214,wav/vmc2026-track3-sys017-utt214.wav,wav/vmc2026-track3-sys019-utt213.wav,4.324116698866978
sys016,utt286,wav/vmc2026-track3-sys016-utt286.wav,wav/vmc2026-track3-sys019-utt285.wav,3.899383961908398
sys013,utt138,wav/vmc2026-track3-sys013-utt138.wav,wav/vmc2026-track3-sys019-utt137.wav,3.6891682965601262
sys024,utt264,wav/vmc2026-track3-sys024-utt264.wav,wav/vmc2026-track3-sys019-utt263.wav,3.9492840665226803
sys024,utt114,wav/vmc2026-track3-sys024-utt114.wav,wav/vmc2026-track3-sys019-utt113.wav,3.1993800916550015
sys024,utt206,wav/vmc2026-track3-sys024-utt206.wav,wav/vmc2026-track3-sys019-utt205.wav,3.880935087826082
sys014,utt084,wav/vmc2026-track3-sys014-utt084.wav,wav/vmc2026-track3-sys019-utt083.wav,4.575524424886428
sys006,utt042,wav/vmc2026-track3-sys006-utt042.wav,wav/vmc2026-track3-sys019-utt041.wav,4.453067666282034
sys010,utt250,wav/vmc2026-track3-sys010-utt250.wav,wav/vmc2026-track3-sys019-utt249.wav,4.195825857133276
sys026,utt232,wav/vmc2026-track3-sys026-utt232.wav,wav/vmc2026-track3-sys019-utt231.wav,3.8180956334319793
sys025,utt298,wav/vmc2026-track3-sys025-utt298.wav,wav/vmc2026-track3-sys019-utt297.wav,3.6544328849431924
sys026,utt270,wav/vmc2026-track3-sys026-utt270.wav,wav/vmc2026-track3-sys019-utt269.wav,3.926809585168044
sys002,utt086,wav/vmc2026-track3-sys002-utt086.wav,wav/vmc2026-track3-sys019-utt085.wav,3.5301888323319517
sys022,utt202,wav/vmc2026-track3-sys022-utt202.wav,wav/vmc2026-track3-sys019-utt201.wav,3.640627291419253
sys008,utt228,wav/vmc2026-track3-sys008-utt228.wav,wav/vmc2026-track3-sys019-utt227.wav,4.70574247381911
sys013,utt244,wav/vmc2026-track3-sys013-utt244.wav,wav/vmc2026-track3-sys019-utt243.wav,4.056402540508973
sys020,utt078,wav/vmc2026-track3-sys020-utt078.wav,wav/vmc2026-track3-sys019-utt077.wav,3.798307963540127
sys010,utt286,wav/vmc2026-track3-sys010-utt286.wav,wav/vmc2026-track3-sys019-utt285.wav,3.896771857464964
sys010,utt148,wav/vmc2026-track3-sys010-utt148.wav,wav/vmc2026-track3-sys019-utt147.wav,3.375264258903056
sys002,utt304,wav/vmc2026-track3-sys002-utt304.wav,wav/vmc2026-track3-sys019-utt303.wav,4.125962199169251
sys008,utt038,wav/vmc2026-track3-sys008-utt038.wav,wav/vmc2026-track3-sys019-utt037.wav,4.1327266045086155
sys018,utt084,wav/vmc2026-track3-sys018-utt084.wav,wav/vmc2026-track3-sys019-utt083.wav,3.165712544678605
sys009,utt044,wav/vmc2026-track3-sys009-utt044.wav,wav/vmc2026-track3-sys019-utt043.wav,4.308935976049457
sys023,utt282,wav/vmc2026-track3-sys023-utt282.wav,wav/vmc2026-track3-sys019-utt281.wav,4.091373758243436
sys014,utt062,wav/vmc2026-track3-sys014-utt062.wav,wav/vmc2026-track3-sys019-utt061.wav,4.364205904910505
sys017,utt018,wav/vmc2026-track3-sys017-utt018.wav,wav/vmc2026-track3-sys019-utt017.wav,4.302137029817119
sys022,utt136,wav/vmc2026-track3-sys022-utt136.wav,wav/vmc2026-track3-sys019-utt135.wav,3.935744693069691
sys018,utt234,wav/vmc2026-track3-sys018-utt234.wav,wav/vmc2026-track3-sys019-utt233.wav,3.840859109690211
sys014,utt212,wav/vmc2026-track3-sys014-utt212.wav,wav/vmc2026-track3-sys019-utt211.wav,4.542917350109507
sys024,utt236,wav/vmc2026-track3-sys024-utt236.wav,wav/vmc2026-track3-sys019-utt235.wav,3.6320861145373926
sys009,utt118,wav/vmc2026-track3-sys009-utt118.wav,wav/vmc2026-track3-sys019-utt117.wav,3.9090071019422648
sys006,utt220,wav/vmc2026-track3-sys006-utt220.wav,wav/vmc2026-track3-sys019-utt219.wav,4.29613133667505
sys012,utt292,wav/vmc2026-track3-sys012-utt292.wav,wav/vmc2026-track3-sys019-utt291.wav,4.427413660464587
sys013,utt086,wav/vmc2026-track3-sys013-utt086.wav,wav/vmc2026-track3-sys019-utt085.wav,4.160684144091483
sys012,utt216,wav/vmc2026-track3-sys012-utt216.wav,wav/vmc2026-track3-sys019-utt215.wav,4.1862462534839
sys020,utt232,wav/vmc2026-track3-sys020-utt232.wav,wav/vmc2026-track3-sys019-utt231.wav,3.422313462697899
sys007,utt174,wav/vmc2026-track3-sys007-utt174.wav,wav/vmc2026-track3-sys019-utt173.wav,3.692773795871477
sys016,utt228,wav/vmc2026-track3-sys016-utt228.wav,wav/vmc2026-track3-sys019-utt227.wav,3.5945924871588963
sys025,utt010,wav/vmc2026-track3-sys025-utt010.wav,wav/vmc2026-track3-sys019-utt009.wav,3.8562777915477997
sys014,utt158,wav/vmc2026-track3-sys014-utt158.wav,wav/vmc2026-track3-sys019-utt157.wav,4.779773841776792
sys002,utt178,wav/vmc2026-track3-sys002-utt178.wav,wav/vmc2026-track3-sys019-utt177.wav,4.239293033436901
sys025,utt032,wav/vmc2026-track3-sys025-utt032.wav,wav/vmc2026-track3-sys019-utt031.wav,3.320444342625799
sys001,utt232,wav/vmc2026-track3-sys001-utt232.wav,wav/vmc2026-track3-sys019-utt231.wav,4.0679503006473
sys026,utt008,wav/vmc2026-track3-sys026-utt008.wav,wav/vmc2026-track3-sys019-utt007.wav,3.8557632982446473
sys005,utt300,wav/vmc2026-track3-sys005-utt300.wav,wav/vmc2026-track3-sys019-utt299.wav,3.7126034906160674
sys001,utt102,wav/vmc2026-track3-sys001-utt102.wav,wav/vmc2026-track3-sys019-utt101.wav,4.437307402138617
sys026,utt236,wav/vmc2026-track3-sys026-utt236.wav,wav/vmc2026-track3-sys019-utt235.wav,3.857127255610036
sys020,utt048,wav/vmc2026-track3-sys020-utt048.wav,wav/vmc2026-track3-sys019-utt047.wav,3.889590607385018
sys012,utt128,wav/vmc2026-track3-sys012-utt128.wav,wav/vmc2026-track3-sys019-utt127.wav,4.056675338992463
sys013,utt206,wav/vmc2026-track3-sys013-utt206.wav,wav/vmc2026-track3-sys019-utt205.wav,4.247312553729503
sys013,utt118,wav/vmc2026-track3-sys013-utt118.wav,wav/vmc2026-track3-sys019-utt117.wav,3.783307899928651
sys009,utt176,wav/vmc2026-track3-sys009-utt176.wav,wav/vmc2026-track3-sys019-utt175.wav,4.032863439324771
sys014,utt222,wav/vmc2026-track3-sys014-utt222.wav,wav/vmc2026-track3-sys019-utt221.wav,4.516334801247767
sys002,utt142,wav/vmc2026-track3-sys002-utt142.wav,wav/vmc2026-track3-sys019-utt141.wav,3.853592139573931
sys011,utt110,wav/vmc2026-track3-sys011-utt110.wav,wav/vmc2026-track3-sys019-utt109.wav,4.7220110344636375
sys011,utt008,wav/vmc2026-track3-sys011-utt008.wav,wav/vmc2026-track3-sys019-utt007.wav,4.488623397067251
sys024,utt280,wav/vmc2026-track3-sys024-utt280.wav,wav/vmc2026-track3-sys019-utt279.wav,4.4764737565568815
sys014,utt042,wav/vmc2026-track3-sys014-utt042.wav,wav/vmc2026-track3-sys019-utt041.wav,4.50732698386024
sys024,utt282,wav/vmc2026-track3-sys024-utt282.wav,wav/vmc2026-track3-sys019-utt281.wav,3.7093830950260513
sys008,utt194,wav/vmc2026-track3-sys008-utt194.wav,wav/vmc2026-track3-sys019-utt193.wav,4.89822484965953
sys020,utt016,wav/vmc2026-track3-sys020-utt016.wav,wav/vmc2026-track3-sys019-utt015.wav,3.8011876497178863
sys009,utt194,wav/vmc2026-track3-sys009-utt194.wav,wav/vmc2026-track3-sys019-utt193.wav,4.6299118120967275
sys008,utt242,wav/vmc2026-track3-sys008-utt242.wav,wav/vmc2026-track3-sys019-utt241.wav,4.708077757540393
sys001,utt202,wav/vmc2026-track3-sys001-utt202.wav,wav/vmc2026-track3-sys019-utt201.wav,3.9409155430522302
sys020,utt156,wav/vmc2026-track3-sys020-utt156.wav,wav/vmc2026-track3-sys019-utt155.wav,3.928337765349231
sys012,utt126,wav/vmc2026-track3-sys012-utt126.wav,wav/vmc2026-track3-sys019-utt125.wav,4.328145032329126
sys009,utt234,wav/vmc2026-track3-sys009-utt234.wav,wav/vmc2026-track3-sys019-utt233.wav,4.025251854158428
sys022,utt138,wav/vmc2026-track3-sys022-utt138.wav,wav/vmc2026-track3-sys019-utt137.wav,3.5198114261250986
sys009,utt158,wav/vmc2026-track3-sys009-utt158.wav,wav/vmc2026-track3-sys019-utt157.wav,4.6824458015792505
sys008,utt080,wav/vmc2026-track3-sys008-utt080.wav,wav/vmc2026-track3-sys019-utt079.wav,4.2368896809779795
sys005,utt124,wav/vmc2026-track3-sys005-utt124.wav,wav/vmc2026-track3-sys019-utt123.wav,3.55301066355425
sys012,utt302,wav/vmc2026-track3-sys012-utt302.wav,wav/vmc2026-track3-sys019-utt301.wav,4.12198696802219
sys023,utt268,wav/vmc2026-track3-sys023-utt268.wav,wav/vmc2026-track3-sys019-utt267.wav,4.1696235373152195
sys025,utt118,wav/vmc2026-track3-sys025-utt118.wav,wav/vmc2026-track3-sys019-utt117.wav,3.6625975464142733
sys001,utt300,wav/vmc2026-track3-sys001-utt300.wav,wav/vmc2026-track3-sys019-utt299.wav,4.3638315382266555
sys026,utt276,wav/vmc2026-track3-sys026-utt276.wav,wav/vmc2026-track3-sys019-utt275.wav,4.0654065052008805
sys023,utt112,wav/vmc2026-track3-sys023-utt112.wav,wav/vmc2026-track3-sys019-utt111.wav,3.6623436693676465
sys023,utt296,wav/vmc2026-track3-sys023-utt296.wav,wav/vmc2026-track3-sys019-utt295.wav,4.2412139870406955
sys009,utt290,wav/vmc2026-track3-sys009-utt290.wav,wav/vmc2026-track3-sys019-utt289.wav,4.388743618783362
sys025,utt108,wav/vmc2026-track3-sys025-utt108.wav,wav/vmc2026-track3-sys019-utt107.wav,4.107604261120644
sys008,utt198,wav/vmc2026-track3-sys008-utt198.wav,wav/vmc2026-track3-sys019-utt197.wav,4.8012010607881415
sys001,utt236,wav/vmc2026-track3-sys001-utt236.wav,wav/vmc2026-track3-sys019-utt235.wav,3.9886158925429585
sys009,utt024,wav/vmc2026-track3-sys009-utt024.wav,wav/vmc2026-track3-sys019-utt023.wav,3.864455244747963
sys002,utt014,wav/vmc2026-track3-sys002-utt014.wav,wav/vmc2026-track3-sys019-utt013.wav,4.134501435196682
sys018,utt146,wav/vmc2026-track3-sys018-utt146.wav,wav/vmc2026-track3-sys019-utt145.wav,3.749147286668095
sys020,utt204,wav/vmc2026-track3-sys020-utt204.wav,wav/vmc2026-track3-sys019-utt203.wav,3.4577403531290165
sys008,utt082,wav/vmc2026-track3-sys008-utt082.wav,wav/vmc2026-track3-sys019-utt081.wav,3.9939897888109956
sys001,utt308,wav/vmc2026-track3-sys001-utt308.wav,wav/vmc2026-track3-sys019-utt307.wav,4.298388145274429
sys005,utt196,wav/vmc2026-track3-sys005-utt196.wav,wav/vmc2026-track3-sys019-utt195.wav,4.132663466827166
sys022,utt318,wav/vmc2026-track3-sys022-utt318.wav,wav/vmc2026-track3-sys019-utt317.wav,3.9669812319030737
sys005,utt044,wav/vmc2026-track3-sys005-utt044.wav,wav/vmc2026-track3-sys019-utt043.wav,3.663454106751888
sys001,utt316,wav/vmc2026-track3-sys001-utt316.wav,wav/vmc2026-track3-sys019-utt315.wav,4.103178888520867
sys007,utt280,wav/vmc2026-track3-sys007-utt280.wav,wav/vmc2026-track3-sys019-utt279.wav,4.135061860297452
sys009,utt228,wav/vmc2026-track3-sys009-utt228.wav,wav/vmc2026-track3-sys019-utt227.wav,4.4809290795260415
sys024,utt178,wav/vmc2026-track3-sys024-utt178.wav,wav/vmc2026-track3-sys019-utt177.wav,3.902347329601797
sys008,utt012,wav/vmc2026-track3-sys008-utt012.wav,wav/vmc2026-track3-sys019-utt011.wav,4.3222062515590105
sys018,utt250,wav/vmc2026-track3-sys018-utt250.wav,wav/vmc2026-track3-sys019-utt249.wav,4.137246270129053
sys005,utt062,wav/vmc2026-track3-sys005-utt062.wav,wav/vmc2026-track3-sys019-utt061.wav,3.685303319199804
sys017,utt282,wav/vmc2026-track3-sys017-utt282.wav,wav/vmc2026-track3-sys019-utt281.wav,4.077922703876435
sys018,utt038,wav/vmc2026-track3-sys018-utt038.wav,wav/vmc2026-track3-sys019-utt037.wav,3.773025619509097
sys026,utt146,wav/vmc2026-track3-sys026-utt146.wav,wav/vmc2026-track3-sys019-utt145.wav,3.8710216814185863
sys017,utt074,wav/vmc2026-track3-sys017-utt074.wav,wav/vmc2026-track3-sys019-utt073.wav,4.036361509210107
sys018,utt278,wav/vmc2026-track3-sys018-utt278.wav,wav/vmc2026-track3-sys019-utt277.wav,4.145963434895463
sys022,utt132,wav/vmc2026-track3-sys022-utt132.wav,wav/vmc2026-track3-sys019-utt131.wav,3.753322087727616
sys025,utt182,wav/vmc2026-track3-sys025-utt182.wav,wav/vmc2026-track3-sys019-utt181.wav,4.085758777407979
sys014,utt216,wav/vmc2026-track3-sys014-utt216.wav,wav/vmc2026-track3-sys019-utt215.wav,4.828278342929941
sys017,utt310,wav/vmc2026-track3-sys017-utt310.wav,wav/vmc2026-track3-sys019-utt309.wav,4.409149023665279
sys023,utt022,wav/vmc2026-track3-sys023-utt022.wav,wav/vmc2026-track3-sys019-utt021.wav,3.9494700335645136
sys007,utt132,wav/vmc2026-track3-sys007-utt132.wav,wav/vmc2026-track3-sys019-utt131.wav,3.653228424896396
sys024,utt232,wav/vmc2026-track3-sys024-utt232.wav,wav/vmc2026-track3-sys019-utt231.wav,3.8648917362203177
sys009,utt088,wav/vmc2026-track3-sys009-utt088.wav,wav/vmc2026-track3-sys019-utt087.wav,3.791748274694299
sys013,utt124,wav/vmc2026-track3-sys013-utt124.wav,wav/vmc2026-track3-sys019-utt123.wav,4.078068818893305
sys026,utt316,wav/vmc2026-track3-sys026-utt316.wav,wav/vmc2026-track3-sys019-utt315.wav,4.111617154568564
sys026,utt134,wav/vmc2026-track3-sys026-utt134.wav,wav/vmc2026-track3-sys019-utt133.wav,3.3715417902869946
sys026,utt206,wav/vmc2026-track3-sys026-utt206.wav,wav/vmc2026-track3-sys019-utt205.wav,3.8419975567158478
sys010,utt036,wav/vmc2026-track3-sys010-utt036.wav,wav/vmc2026-track3-sys019-utt035.wav,3.309059154809608
sys010,utt126,wav/vmc2026-track3-sys010-utt126.wav,wav/vmc2026-track3-sys019-utt125.wav,4.2555741308075685
sys001,utt290,wav/vmc2026-track3-sys001-utt290.wav,wav/vmc2026-track3-sys019-utt289.wav,4.171673072285401
sys016,utt068,wav/vmc2026-track3-sys016-utt068.wav,wav/vmc2026-track3-sys019-utt067.wav,3.604556386310285
sys017,utt160,wav/vmc2026-track3-sys017-utt160.wav,wav/vmc2026-track3-sys019-utt159.wav,4.25104513881667
sys012,utt138,wav/vmc2026-track3-sys012-utt138.wav,wav/vmc2026-track3-sys019-utt137.wav,2.4254917663713624
sys024,utt196,wav/vmc2026-track3-sys024-utt196.wav,wav/vmc2026-track3-sys019-utt195.wav,4.374551886653888
sys026,utt030,wav/vmc2026-track3-sys026-utt030.wav,wav/vmc2026-track3-sys019-utt029.wav,4.196345991587673
sys006,utt014,wav/vmc2026-track3-sys006-utt014.wav,wav/vmc2026-track3-sys019-utt013.wav,4.6704048635008535
sys023,utt298,wav/vmc2026-track3-sys023-utt298.wav,wav/vmc2026-track3-sys019-utt297.wav,4.280452313731657
sys008,utt280,wav/vmc2026-track3-sys008-utt280.wav,wav/vmc2026-track3-sys019-utt279.wav,4.935066269438
sys008,utt122,wav/vmc2026-track3-sys008-utt122.wav,wav/vmc2026-track3-sys019-utt121.wav,4.416473739172616
sys017,utt044,wav/vmc2026-track3-sys017-utt044.wav,wav/vmc2026-track3-sys019-utt043.wav,4.316100276672489
sys008,utt292,wav/vmc2026-track3-sys008-utt292.wav,wav/vmc2026-track3-sys019-utt291.wav,4.5151309687286485
sys011,utt156,wav/vmc2026-track3-sys011-utt156.wav,wav/vmc2026-track3-sys019-utt155.wav,4.502587686523696
sys010,utt110,wav/vmc2026-track3-sys010-utt110.wav,wav/vmc2026-track3-sys019-utt109.wav,4.147544447264451
sys018,utt020,wav/vmc2026-track3-sys018-utt020.wav,wav/vmc2026-track3-sys019-utt019.wav,3.721138602199163
sys013,utt026,wav/vmc2026-track3-sys013-utt026.wav,wav/vmc2026-track3-sys019-utt025.wav,4.145659282456534
sys013,utt212,wav/vmc2026-track3-sys013-utt212.wav,wav/vmc2026-track3-sys019-utt211.wav,4.25426814948733
sys025,utt086,wav/vmc2026-track3-sys025-utt086.wav,wav/vmc2026-track3-sys019-utt085.wav,4.051679759965046
sys024,utt234,wav/vmc2026-track3-sys024-utt234.wav,wav/vmc2026-track3-sys019-utt233.wav,3.8593523789766104
sys022,utt006,wav/vmc2026-track3-sys022-utt006.wav,wav/vmc2026-track3-sys019-utt005.wav,4.150616536720412
sys011,utt182,wav/vmc2026-track3-sys011-utt182.wav,wav/vmc2026-track3-sys019-utt181.wav,4.507377438773361
sys016,utt078,wav/vmc2026-track3-sys016-utt078.wav,wav/vmc2026-track3-sys019-utt077.wav,4.306650615039226
sys011,utt292,wav/vmc2026-track3-sys011-utt292.wav,wav/vmc2026-track3-sys019-utt291.wav,4.448250342259423
sys011,utt148,wav/vmc2026-track3-sys011-utt148.wav,wav/vmc2026-track3-sys019-utt147.wav,4.108535855802026
sys001,utt070,wav/vmc2026-track3-sys001-utt070.wav,wav/vmc2026-track3-sys019-utt069.wav,4.256742860303448
sys001,utt306,wav/vmc2026-track3-sys001-utt306.wav,wav/vmc2026-track3-sys019-utt305.wav,4.1239425075311145
sys009,utt264,wav/vmc2026-track3-sys009-utt264.wav,wav/vmc2026-track3-sys019-utt263.wav,4.0647859828554544
sys006,utt270,wav/vmc2026-track3-sys006-utt270.wav,wav/vmc2026-track3-sys019-utt269.wav,4.535530196888208
sys022,utt226,wav/vmc2026-track3-sys022-utt226.wav,wav/vmc2026-track3-sys019-utt225.wav,4.152524387248181
sys026,utt140,wav/vmc2026-track3-sys026-utt140.wav,wav/vmc2026-track3-sys019-utt139.wav,3.1643099920129414
sys008,utt036,wav/vmc2026-track3-sys008-utt036.wav,wav/vmc2026-track3-sys019-utt035.wav,3.8256205205011984
sys026,utt012,wav/vmc2026-track3-sys026-utt012.wav,wav/vmc2026-track3-sys019-utt011.wav,3.9337053290121973
sys026,utt150,wav/vmc2026-track3-sys026-utt150.wav,wav/vmc2026-track3-sys019-utt149.wav,3.385624308146984
sys026,utt074,wav/vmc2026-track3-sys026-utt074.wav,wav/vmc2026-track3-sys019-utt073.wav,3.819176035764667
sys009,utt236,wav/vmc2026-track3-sys009-utt236.wav,wav/vmc2026-track3-sys019-utt235.wav,3.9748405522596744
sys005,utt182,wav/vmc2026-track3-sys005-utt182.wav,wav/vmc2026-track3-sys019-utt181.wav,3.7801420947238284
sys018,utt064,wav/vmc2026-track3-sys018-utt064.wav,wav/vmc2026-track3-sys019-utt063.wav,3.2126980265876286
sys022,utt050,wav/vmc2026-track3-sys022-utt050.wav,wav/vmc2026-track3-sys019-utt049.wav,4.009306194317881
sys011,utt202,wav/vmc2026-track3-sys011-utt202.wav,wav/vmc2026-track3-sys019-utt201.wav,4.293602355490293
sys025,utt050,wav/vmc2026-track3-sys025-utt050.wav,wav/vmc2026-track3-sys019-utt049.wav,4.162894967923714
sys022,utt274,wav/vmc2026-track3-sys022-utt274.wav,wav/vmc2026-track3-sys019-utt273.wav,4.254341332040712
sys012,utt030,wav/vmc2026-track3-sys012-utt030.wav,wav/vmc2026-track3-sys019-utt029.wav,3.976649140605481
sys011,utt124,wav/vmc2026-track3-sys011-utt124.wav,wav/vmc2026-track3-sys019-utt123.wav,4.215685149547551
sys007,utt192,wav/vmc2026-track3-sys007-utt192.wav,wav/vmc2026-track3-sys019-utt191.wav,4.353307265155034
sys023,utt184,wav/vmc2026-track3-sys023-utt184.wav,wav/vmc2026-track3-sys019-utt183.wav,3.987989278746978
sys023,utt290,wav/vmc2026-track3-sys023-utt290.wav,wav/vmc2026-track3-sys019-utt289.wav,4.183017880280829
sys008,utt104,wav/vmc2026-track3-sys008-utt104.wav,wav/vmc2026-track3-sys019-utt103.wav,4.678535686851874
sys025,utt136,wav/vmc2026-track3-sys025-utt136.wav,wav/vmc2026-track3-sys019-utt135.wav,3.5620613069451768
sys013,utt172,wav/vmc2026-track3-sys013-utt172.wav,wav/vmc2026-track3-sys019-utt171.wav,3.927732783660083
sys024,utt124,wav/vmc2026-track3-sys024-utt124.wav,wav/vmc2026-track3-sys019-utt123.wav,3.630927672531514
sys013,utt012,wav/vmc2026-track3-sys013-utt012.wav,wav/vmc2026-track3-sys019-utt011.wav,4.065453910687067
sys014,utt288,wav/vmc2026-track3-sys014-utt288.wav,wav/vmc2026-track3-sys019-utt287.wav,4.262456183307671
sys016,utt206,wav/vmc2026-track3-sys016-utt206.wav,wav/vmc2026-track3-sys019-utt205.wav,4.119438160175638
sys024,utt246,wav/vmc2026-track3-sys024-utt246.wav,wav/vmc2026-track3-sys019-utt245.wav,4.3511333667316
sys017,utt082,wav/vmc2026-track3-sys017-utt082.wav,wav/vmc2026-track3-sys019-utt081.wav,4.0186866044819745
sys014,utt118,wav/vmc2026-track3-sys014-utt118.wav,wav/vmc2026-track3-sys019-utt117.wav,4.438159549297452
sys025,utt026,wav/vmc2026-track3-sys025-utt026.wav,wav/vmc2026-track3-sys019-utt025.wav,4.000912390117166
sys017,utt316,wav/vmc2026-track3-sys017-utt316.wav,wav/vmc2026-track3-sys019-utt315.wav,3.949883465927125
sys020,utt310,wav/vmc2026-track3-sys020-utt310.wav,wav/vmc2026-track3-sys019-utt309.wav,3.640098859972039
sys018,utt110,wav/vmc2026-track3-sys018-utt110.wav,wav/vmc2026-track3-sys019-utt109.wav,4.13880742114392
sys014,utt028,wav/vmc2026-track3-sys014-utt028.wav,wav/vmc2026-track3-sys019-utt027.wav,4.597266951891268
sys026,utt266,wav/vmc2026-track3-sys026-utt266.wav,wav/vmc2026-track3-sys019-utt265.wav,4.169576358758148
sys011,utt218,wav/vmc2026-track3-sys011-utt218.wav,wav/vmc2026-track3-sys019-utt217.wav,4.711332535265577
sys002,utt212,wav/vmc2026-track3-sys002-utt212.wav,wav/vmc2026-track3-sys019-utt211.wav,4.217950935803604
sys025,utt122,wav/vmc2026-track3-sys025-utt122.wav,wav/vmc2026-track3-sys019-utt121.wav,3.6453918352927914
sys013,utt318,wav/vmc2026-track3-sys013-utt318.wav,wav/vmc2026-track3-sys019-utt317.wav,4.130254057793587
sys005,utt198,wav/vmc2026-track3-sys005-utt198.wav,wav/vmc2026-track3-sys019-utt197.wav,3.7991318935997596
sys009,utt280,wav/vmc2026-track3-sys009-utt280.wav,wav/vmc2026-track3-sys019-utt279.wav,4.533675443364259
sys016,utt304,wav/vmc2026-track3-sys016-utt304.wav,wav/vmc2026-track3-sys019-utt303.wav,3.7214111147035505
sys022,utt270,wav/vmc2026-track3-sys022-utt270.wav,wav/vmc2026-track3-sys019-utt269.wav,4.2192545628358324
sys016,utt040,wav/vmc2026-track3-sys016-utt040.wav,wav/vmc2026-track3-sys019-utt039.wav,3.421561156553007
sys026,utt204,wav/vmc2026-track3-sys026-utt204.wav,wav/vmc2026-track3-sys019-utt203.wav,3.594584593831642
sys005,utt206,wav/vmc2026-track3-sys005-utt206.wav,wav/vmc2026-track3-sys019-utt205.wav,3.7173994167575315
sys012,utt278,wav/vmc2026-track3-sys012-utt278.wav,wav/vmc2026-track3-sys019-utt277.wav,3.996238038846943
sys007,utt008,wav/vmc2026-track3-sys007-utt008.wav,wav/vmc2026-track3-sys019-utt007.wav,4.037929468579506
sys009,utt018,wav/vmc2026-track3-sys009-utt018.wav,wav/vmc2026-track3-sys019-utt017.wav,4.408505093805817
sys012,utt104,wav/vmc2026-track3-sys012-utt104.wav,wav/vmc2026-track3-sys019-utt103.wav,4.185786223899046
sys007,utt316,wav/vmc2026-track3-sys007-utt316.wav,wav/vmc2026-track3-sys019-utt315.wav,3.829490601633917
sys025,utt062,wav/vmc2026-track3-sys025-utt062.wav,wav/vmc2026-track3-sys019-utt061.wav,3.6494923330788627
sys022,utt200,wav/vmc2026-track3-sys022-utt200.wav,wav/vmc2026-track3-sys019-utt199.wav,4.2554381876474965
sys001,utt238,wav/vmc2026-track3-sys001-utt238.wav,wav/vmc2026-track3-sys019-utt237.wav,4.295508609342959
sys023,utt212,wav/vmc2026-track3-sys023-utt212.wav,wav/vmc2026-track3-sys019-utt211.wav,4.1531329127456535
sys008,utt296,wav/vmc2026-track3-sys008-utt296.wav,wav/vmc2026-track3-sys019-utt295.wav,4.90197965508169
sys018,utt242,wav/vmc2026-track3-sys018-utt242.wav,wav/vmc2026-track3-sys019-utt241.wav,4.105847066493862
sys017,utt144,wav/vmc2026-track3-sys017-utt144.wav,wav/vmc2026-track3-sys019-utt143.wav,3.5840139622923837
sys017,utt288,wav/vmc2026-track3-sys017-utt288.wav,wav/vmc2026-track3-sys019-utt287.wav,4.274258648786594
sys017,utt076,wav/vmc2026-track3-sys017-utt076.wav,wav/vmc2026-track3-sys019-utt075.wav,3.9638446114068255
sys007,utt006,wav/vmc2026-track3-sys007-utt006.wav,wav/vmc2026-track3-sys019-utt005.wav,3.8119885187755367
sys001,utt274,wav/vmc2026-track3-sys001-utt274.wav,wav/vmc2026-track3-sys019-utt273.wav,4.4744891205457336
sys009,utt304,wav/vmc2026-track3-sys009-utt304.wav,wav/vmc2026-track3-sys019-utt303.wav,4.167761868067992
sys010,utt158,wav/vmc2026-track3-sys010-utt158.wav,wav/vmc2026-track3-sys019-utt157.wav,4.174983510156866
sys005,utt154,wav/vmc2026-track3-sys005-utt154.wav,wav/vmc2026-track3-sys019-utt153.wav,4.204101869144914
sys022,utt178,wav/vmc2026-track3-sys022-utt178.wav,wav/vmc2026-track3-sys019-utt177.wav,3.532865194036674
sys023,utt244,wav/vmc2026-track3-sys023-utt244.wav,wav/vmc2026-track3-sys019-utt243.wav,4.205946438586548
sys010,utt122,wav/vmc2026-track3-sys010-utt122.wav,wav/vmc2026-track3-sys019-utt121.wav,3.7853690514034115
sys026,utt248,wav/vmc2026-track3-sys026-utt248.wav,wav/vmc2026-track3-sys019-utt247.wav,4.537648836664497
sys007,utt282,wav/vmc2026-track3-sys007-utt282.wav,wav/vmc2026-track3-sys019-utt281.wav,4.054225635901643
sys008,utt244,wav/vmc2026-track3-sys008-utt244.wav,wav/vmc2026-track3-sys019-utt243.wav,4.648717092876298
sys001,utt284,wav/vmc2026-track3-sys001-utt284.wav,wav/vmc2026-track3-sys019-utt283.wav,4.18873471663852
sys008,utt304,wav/vmc2026-track3-sys008-utt304.wav,wav/vmc2026-track3-sys019-utt303.wav,4.699744741203631
sys026,utt296,wav/vmc2026-track3-sys026-utt296.wav,wav/vmc2026-track3-sys019-utt295.wav,4.2160145787481405
sys009,utt078,wav/vmc2026-track3-sys009-utt078.wav,wav/vmc2026-track3-sys019-utt077.wav,4.406454086059255
sys009,utt288,wav/vmc2026-track3-sys009-utt288.wav,wav/vmc2026-track3-sys019-utt287.wav,4.252089050178487
sys006,utt302,wav/vmc2026-track3-sys006-utt302.wav,wav/vmc2026-track3-sys019-utt301.wav,4.47957818651219
sys006,utt246,wav/vmc2026-track3-sys006-utt246.wav,wav/vmc2026-track3-sys019-utt245.wav,4.585125465401854
sys023,utt140,wav/vmc2026-track3-sys023-utt140.wav,wav/vmc2026-track3-sys019-utt139.wav,3.630300278447339
sys025,utt178,wav/vmc2026-track3-sys025-utt178.wav,wav/vmc2026-track3-sys019-utt177.wav,3.609740368640778
sys001,utt002,wav/vmc2026-track3-sys001-utt002.wav,wav/vmc2026-track3-sys019-utt001.wav,4.2590795450538765
sys013,utt024,wav/vmc2026-track3-sys013-utt024.wav,wav/vmc2026-track3-sys019-utt023.wav,3.8879858503072775
sys018,utt136,wav/vmc2026-track3-sys018-utt136.wav,wav/vmc2026-track3-sys019-utt135.wav,3.7853922686178696
sys022,utt070,wav/vmc2026-track3-sys022-utt070.wav,wav/vmc2026-track3-sys019-utt069.wav,3.904534734092388
sys024,utt238,wav/vmc2026-track3-sys024-utt238.wav,wav/vmc2026-track3-sys019-utt237.wav,3.978216987507619
sys013,utt032,wav/vmc2026-track3-sys013-utt032.wav,wav/vmc2026-track3-sys019-utt031.wav,3.24729901654808
sys014,utt136,wav/vmc2026-track3-sys014-utt136.wav,wav/vmc2026-track3-sys019-utt135.wav,4.396174820260939
sys025,utt078,wav/vmc2026-track3-sys025-utt078.wav,wav/vmc2026-track3-sys019-utt077.wav,3.974989439649146
sys013,utt192,wav/vmc2026-track3-sys013-utt192.wav,wav/vmc2026-track3-sys019-utt191.wav,4.0052896463428045
sys012,utt124,wav/vmc2026-track3-sys012-utt124.wav,wav/vmc2026-track3-sys019-utt123.wav,4.07517357230799
sys020,utt194,wav/vmc2026-track3-sys020-utt194.wav,wav/vmc2026-track3-sys019-utt193.wav,3.7512928655550573
sys011,utt024,wav/vmc2026-track3-sys011-utt024.wav,wav/vmc2026-track3-sys019-utt023.wav,4.141509526600578
sys014,utt244,wav/vmc2026-track3-sys014-utt244.wav,wav/vmc2026-track3-sys019-utt243.wav,4.762681717270891
sys011,utt126,wav/vmc2026-track3-sys011-utt126.wav,wav/vmc2026-track3-sys019-utt125.wav,4.525358705289162
sys009,utt136,wav/vmc2026-track3-sys009-utt136.wav,wav/vmc2026-track3-sys019-utt135.wav,4.171461456266721
sys014,utt226,wav/vmc2026-track3-sys014-utt226.wav,wav/vmc2026-track3-sys019-utt225.wav,4.706986334530324
sys024,utt154,wav/vmc2026-track3-sys024-utt154.wav,wav/vmc2026-track3-sys019-utt153.wav,4.3204353773136575
sys005,utt208,wav/vmc2026-track3-sys005-utt208.wav,wav/vmc2026-track3-sys019-utt207.wav,3.351951280824659
sys008,utt076,wav/vmc2026-track3-sys008-utt076.wav,wav/vmc2026-track3-sys019-utt075.wav,4.5139087352882195
sys025,utt220,wav/vmc2026-track3-sys025-utt220.wav,wav/vmc2026-track3-sys019-utt219.wav,3.7638076545776706
sys002,utt302,wav/vmc2026-track3-sys002-utt302.wav,wav/vmc2026-track3-sys019-utt301.wav,4.195319315773296
sys022,utt292,wav/vmc2026-track3-sys022-utt292.wav,wav/vmc2026-track3-sys019-utt291.wav,3.8371175644629805
sys016,utt046,wav/vmc2026-track3-sys016-utt046.wav,wav/vmc2026-track3-sys019-utt045.wav,3.7744973872152445
sys014,utt320,wav/vmc2026-track3-sys014-utt320.wav,wav/vmc2026-track3-sys019-utt319.wav,4.355047193613952
sys008,utt106,wav/vmc2026-track3-sys008-utt106.wav,wav/vmc2026-track3-sys019-utt105.wav,4.255634662537094
sys023,utt276,wav/vmc2026-track3-sys023-utt276.wav,wav/vmc2026-track3-sys019-utt275.wav,4.270356777598117
sys026,utt136,wav/vmc2026-track3-sys026-utt136.wav,wav/vmc2026-track3-sys019-utt135.wav,3.855232571522654
sys017,utt246,wav/vmc2026-track3-sys017-utt246.wav,wav/vmc2026-track3-sys019-utt245.wav,4.230921863627752
sys016,utt120,wav/vmc2026-track3-sys016-utt120.wav,wav/vmc2026-track3-sys019-utt119.wav,3.498608071161902
sys002,utt156,wav/vmc2026-track3-sys002-utt156.wav,wav/vmc2026-track3-sys019-utt155.wav,4.376185057663937
sys002,utt134,wav/vmc2026-track3-sys002-utt134.wav,wav/vmc2026-track3-sys019-utt133.wav,3.6924039229405445
sys026,utt274,wav/vmc2026-track3-sys026-utt274.wav,wav/vmc2026-track3-sys019-utt273.wav,4.185062148499471
sys024,utt042,wav/vmc2026-track3-sys024-utt042.wav,wav/vmc2026-track3-sys019-utt041.wav,4.104538473013683
sys007,utt108,wav/vmc2026-track3-sys007-utt108.wav,wav/vmc2026-track3-sys019-utt107.wav,4.118562437334456
sys007,utt088,wav/vmc2026-track3-sys007-utt088.wav,wav/vmc2026-track3-sys019-utt087.wav,3.8052592529191314
sys007,utt292,wav/vmc2026-track3-sys007-utt292.wav,wav/vmc2026-track3-sys019-utt291.wav,4.057664556985322
sys007,utt020,wav/vmc2026-track3-sys007-utt020.wav,wav/vmc2026-track3-sys019-utt019.wav,4.1700866736330635
sys023,utt012,wav/vmc2026-track3-sys023-utt012.wav,wav/vmc2026-track3-sys019-utt011.wav,4.161369612853352
sys009,utt076,wav/vmc2026-track3-sys009-utt076.wav,wav/vmc2026-track3-sys019-utt075.wav,3.991370951828563
sys001,utt230,wav/vmc2026-track3-sys001-utt230.wav,wav/vmc2026-track3-sys019-utt229.wav,4.5606232277212335
sys018,utt150,wav/vmc2026-track3-sys018-utt150.wav,wav/vmc2026-track3-sys019-utt149.wav,3.5728425000411113
sys020,utt316,wav/vmc2026-track3-sys020-utt316.wav,wav/vmc2026-track3-sys019-utt315.wav,3.4454138364000655
sys002,utt216,wav/vmc2026-track3-sys002-utt216.wav,wav/vmc2026-track3-sys019-utt215.wav,4.730279545639182
sys012,utt006,wav/vmc2026-track3-sys012-utt006.wav,wav/vmc2026-track3-sys019-utt005.wav,4.022043476417875
sys007,utt036,wav/vmc2026-track3-sys007-utt036.wav,wav/vmc2026-track3-sys019-utt035.wav,3.3134554050198006
sys001,utt278,wav/vmc2026-track3-sys001-utt278.wav,wav/vmc2026-track3-sys019-utt277.wav,4.198154645627249
sys011,utt114,wav/vmc2026-track3-sys011-utt114.wav,wav/vmc2026-track3-sys019-utt113.wav,3.541259445667568
sys013,utt320,wav/vmc2026-track3-sys013-utt320.wav,wav/vmc2026-track3-sys019-utt319.wav,4.136635451495082
sys005,utt318,wav/vmc2026-track3-sys005-utt318.wav,wav/vmc2026-track3-sys019-utt317.wav,3.50626015025367
sys020,utt126,wav/vmc2026-track3-sys020-utt126.wav,wav/vmc2026-track3-sys019-utt125.wav,3.76182819310557
sys005,utt086,wav/vmc2026-track3-sys005-utt086.wav,wav/vmc2026-track3-sys019-utt085.wav,3.766226189986619
sys006,utt262,wav/vmc2026-track3-sys006-utt262.wav,wav/vmc2026-track3-sys019-utt261.wav,4.302348777042996
sys010,utt284,wav/vmc2026-track3-sys010-utt284.wav,wav/vmc2026-track3-sys019-utt283.wav,3.552034663455004
sys016,utt128,wav/vmc2026-track3-sys016-utt128.wav,wav/vmc2026-track3-sys019-utt127.wav,3.6046024912776082
sys025,utt102,wav/vmc2026-track3-sys025-utt102.wav,wav/vmc2026-track3-sys019-utt101.wav,3.7549223716079654
sys025,utt116,wav/vmc2026-track3-sys025-utt116.wav,wav/vmc2026-track3-sys019-utt115.wav,3.4988255271317614
sys010,utt132,wav/vmc2026-track3-sys010-utt132.wav,wav/vmc2026-track3-sys019-utt131.wav,3.3895771414025364
sys017,utt048,wav/vmc2026-track3-sys017-utt048.wav,wav/vmc2026-track3-sys019-utt047.wav,4.370587337448323
sys009,utt144,wav/vmc2026-track3-sys009-utt144.wav,wav/vmc2026-track3-sys019-utt143.wav,3.5414224879023473
sys009,utt308,wav/vmc2026-track3-sys009-utt308.wav,wav/vmc2026-track3-sys019-utt307.wav,4.619284020013586
sys007,utt180,wav/vmc2026-track3-sys007-utt180.wav,wav/vmc2026-track3-sys019-utt179.wav,3.588809736359423
sys007,utt250,wav/vmc2026-track3-sys007-utt250.wav,wav/vmc2026-track3-sys019-utt249.wav,4.231109763942284
sys006,utt210,wav/vmc2026-track3-sys006-utt210.wav,wav/vmc2026-track3-sys019-utt209.wav,4.301707819747682
sys024,utt076,wav/vmc2026-track3-sys024-utt076.wav,wav/vmc2026-track3-sys019-utt075.wav,4.078490755188102
sys009,utt002,wav/vmc2026-track3-sys009-utt002.wav,wav/vmc2026-track3-sys019-utt001.wav,4.568769267649279
sys025,utt318,wav/vmc2026-track3-sys025-utt318.wav,wav/vmc2026-track3-sys019-utt317.wav,4.136329354798655
sys012,utt296,wav/vmc2026-track3-sys012-utt296.wav,wav/vmc2026-track3-sys019-utt295.wav,4.310677252596565
sys026,utt066,wav/vmc2026-track3-sys026-utt066.wav,wav/vmc2026-track3-sys019-utt065.wav,4.015746957456855
sys016,utt112,wav/vmc2026-track3-sys016-utt112.wav,wav/vmc2026-track3-sys019-utt111.wav,3.5289439857494425
sys012,utt068,wav/vmc2026-track3-sys012-utt068.wav,wav/vmc2026-track3-sys019-utt067.wav,3.7529747399664006
sys013,utt072,wav/vmc2026-track3-sys013-utt072.wav,wav/vmc2026-track3-sys019-utt071.wav,3.713244134452371
sys013,utt064,wav/vmc2026-track3-sys013-utt064.wav,wav/vmc2026-track3-sys019-utt063.wav,3.8527334712165144
sys026,utt130,wav/vmc2026-track3-sys026-utt130.wav,wav/vmc2026-track3-sys019-utt129.wav,4.004071700814648
sys022,utt248,wav/vmc2026-track3-sys022-utt248.wav,wav/vmc2026-track3-sys019-utt247.wav,3.7762697270521484
sys023,utt318,wav/vmc2026-track3-sys023-utt318.wav,wav/vmc2026-track3-sys019-utt317.wav,4.240371533882173
sys024,utt192,wav/vmc2026-track3-sys024-utt192.wav,wav/vmc2026-track3-sys019-utt191.wav,4.064517914877211
sys008,utt028,wav/vmc2026-track3-sys008-utt028.wav,wav/vmc2026-track3-sys019-utt027.wav,4.559089416691684
sys024,utt156,wav/vmc2026-track3-sys024-utt156.wav,wav/vmc2026-track3-sys019-utt155.wav,4.203516522717902
sys020,utt090,wav/vmc2026-track3-sys020-utt090.wav,wav/vmc2026-track3-sys019-utt089.wav,3.5127439430723433
sys011,utt242,wav/vmc2026-track3-sys011-utt242.wav,wav/vmc2026-track3-sys019-utt241.wav,4.53528278514097
sys013,utt142,wav/vmc2026-track3-sys013-utt142.wav,wav/vmc2026-track3-sys019-utt141.wav,3.9587376692666862
sys001,utt184,wav/vmc2026-track3-sys001-utt184.wav,wav/vmc2026-track3-sys019-utt183.wav,4.1513328515438594
sys012,utt284,wav/vmc2026-track3-sys012-utt284.wav,wav/vmc2026-track3-sys019-utt283.wav,4.118290013512236
sys007,utt320,wav/vmc2026-track3-sys007-utt320.wav,wav/vmc2026-track3-sys019-utt319.wav,3.9051933219379382
sys016,utt312,wav/vmc2026-track3-sys016-utt312.wav,wav/vmc2026-track3-sys019-utt311.wav,4.147625045657335
sys024,utt186,wav/vmc2026-track3-sys024-utt186.wav,wav/vmc2026-track3-sys019-utt185.wav,4.283661406510049
sys012,utt212,wav/vmc2026-track3-sys012-utt212.wav,wav/vmc2026-track3-sys019-utt211.wav,4.039590243482583
sys005,utt180,wav/vmc2026-track3-sys005-utt180.wav,wav/vmc2026-track3-sys019-utt179.wav,3.303578802278422
sys007,utt004,wav/vmc2026-track3-sys007-utt004.wav,wav/vmc2026-track3-sys019-utt003.wav,4.03552230701214
sys023,utt300,wav/vmc2026-track3-sys023-utt300.wav,wav/vmc2026-track3-sys019-utt299.wav,4.363957749478459
sys024,utt030,wav/vmc2026-track3-sys024-utt030.wav,wav/vmc2026-track3-sys019-utt029.wav,4.0158414288093
sys010,utt028,wav/vmc2026-track3-sys010-utt028.wav,wav/vmc2026-track3-sys019-utt027.wav,4.0229194341964005
sys007,utt294,wav/vmc2026-track3-sys007-utt294.wav,wav/vmc2026-track3-sys019-utt293.wav,3.958743976468315
sys020,utt140,wav/vmc2026-track3-sys020-utt140.wav,wav/vmc2026-track3-sys019-utt139.wav,2.7956688573639195
sys022,utt048,wav/vmc2026-track3-sys022-utt048.wav,wav/vmc2026-track3-sys019-utt047.wav,4.063375648228789
sys025,utt290,wav/vmc2026-track3-sys025-utt290.wav,wav/vmc2026-track3-sys019-utt289.wav,3.6412776840044097
sys022,utt216,wav/vmc2026-track3-sys022-utt216.wav,wav/vmc2026-track3-sys019-utt215.wav,4.062726426081243
sys012,utt158,wav/vmc2026-track3-sys012-utt158.wav,wav/vmc2026-track3-sys019-utt157.wav,3.5243980591095943
sys006,utt296,wav/vmc2026-track3-sys006-utt296.wav,wav/vmc2026-track3-sys019-utt295.wav,4.6824105839238275
sys002,utt002,wav/vmc2026-track3-sys002-utt002.wav,wav/vmc2026-track3-sys019-utt001.wav,4.319373194239876
sys014,utt138,wav/vmc2026-track3-sys014-utt138.wav,wav/vmc2026-track3-sys019-utt137.wav,4.318318388186693
sys026,utt072,wav/vmc2026-track3-sys026-utt072.wav,wav/vmc2026-track3-sys019-utt071.wav,3.802214263936424
sys017,utt102,wav/vmc2026-track3-sys017-utt102.wav,wav/vmc2026-track3-sys019-utt101.wav,4.31399749831916
sys018,utt128,wav/vmc2026-track3-sys018-utt128.wav,wav/vmc2026-track3-sys019-utt127.wav,4.024889642179607
sys009,utt140,wav/vmc2026-track3-sys009-utt140.wav,wav/vmc2026-track3-sys019-utt139.wav,3.834528117310482
sys018,utt248,wav/vmc2026-track3-sys018-utt248.wav,wav/vmc2026-track3-sys019-utt247.wav,4.217089356214796
sys020,utt226,wav/vmc2026-track3-sys020-utt226.wav,wav/vmc2026-track3-sys019-utt225.wav,4.043855029575306
sys001,utt118,wav/vmc2026-track3-sys001-utt118.wav,wav/vmc2026-track3-sys019-utt117.wav,4.118959424923809
sys026,utt018,wav/vmc2026-track3-sys026-utt018.wav,wav/vmc2026-track3-sys019-utt017.wav,3.9690542103900746
sys018,utt076,wav/vmc2026-track3-sys018-utt076.wav,wav/vmc2026-track3-sys019-utt075.wav,3.9835035084287944
sys002,utt226,wav/vmc2026-track3-sys002-utt226.wav,wav/vmc2026-track3-sys019-utt225.wav,4.742964402800386
sys020,utt138,wav/vmc2026-track3-sys020-utt138.wav,wav/vmc2026-track3-sys019-utt137.wav,3.0226187252012564
sys006,utt266,wav/vmc2026-track3-sys006-utt266.wav,wav/vmc2026-track3-sys019-utt265.wav,4.290836042881108
sys020,utt242,wav/vmc2026-track3-sys020-utt242.wav,wav/vmc2026-track3-sys019-utt241.wav,3.635539470360329
sys026,utt034,wav/vmc2026-track3-sys026-utt034.wav,wav/vmc2026-track3-sys019-utt033.wav,3.422457567570506
sys010,utt062,wav/vmc2026-track3-sys010-utt062.wav,wav/vmc2026-track3-sys019-utt061.wav,3.099035970170323
sys010,utt042,wav/vmc2026-track3-sys010-utt042.wav,wav/vmc2026-track3-sys019-utt041.wav,4.0934871155949955
sys016,utt022,wav/vmc2026-track3-sys016-utt022.wav,wav/vmc2026-track3-sys019-utt021.wav,4.13063846835798
sys011,utt246,wav/vmc2026-track3-sys011-utt246.wav,wav/vmc2026-track3-sys019-utt245.wav,4.279824732020207
sys018,utt086,wav/vmc2026-track3-sys018-utt086.wav,wav/vmc2026-track3-sys019-utt085.wav,3.663656069175736
sys010,utt026,wav/vmc2026-track3-sys010-utt026.wav,wav/vmc2026-track3-sys019-utt025.wav,3.7964901101223365
sys002,utt124,wav/vmc2026-track3-sys002-utt124.wav,wav/vmc2026-track3-sys019-utt123.wav,4.069991840063382
sys008,utt026,wav/vmc2026-track3-sys008-utt026.wav,wav/vmc2026-track3-sys019-utt025.wav,4.76320181044848
sys026,utt156,wav/vmc2026-track3-sys026-utt156.wav,wav/vmc2026-track3-sys019-utt155.wav,3.9791990230371925
sys026,utt214,wav/vmc2026-track3-sys026-utt214.wav,wav/vmc2026-track3-sys019-utt213.wav,4.075533803180701
sys024,utt028,wav/vmc2026-track3-sys024-utt028.wav,wav/vmc2026-track3-sys019-utt027.wav,4.3049570463342555
sys002,utt236,wav/vmc2026-track3-sys002-utt236.wav,wav/vmc2026-track3-sys019-utt235.wav,3.985747825851192
sys008,utt156,wav/vmc2026-track3-sys008-utt156.wav,wav/vmc2026-track3-sys019-utt155.wav,4.662567964557364
sys024,utt150,wav/vmc2026-track3-sys024-utt150.wav,wav/vmc2026-track3-sys019-utt149.wav,3.89967335852602
sys011,utt066,wav/vmc2026-track3-sys011-utt066.wav,wav/vmc2026-track3-sys019-utt065.wav,4.545691497358187
sys022,utt010,wav/vmc2026-track3-sys022-utt010.wav,wav/vmc2026-track3-sys019-utt009.wav,4.019317423357688
sys007,utt072,wav/vmc2026-track3-sys007-utt072.wav,wav/vmc2026-track3-sys019-utt071.wav,3.9729942463543395
sys011,utt030,wav/vmc2026-track3-sys011-utt030.wav,wav/vmc2026-track3-sys019-utt029.wav,4.499276872379455
sys025,utt172,wav/vmc2026-track3-sys025-utt172.wav,wav/vmc2026-track3-sys019-utt171.wav,3.3758972743588775
sys009,utt312,wav/vmc2026-track3-sys009-utt312.wav,wav/vmc2026-track3-sys019-utt311.wav,4.27067802751667
sys011,utt238,wav/vmc2026-track3-sys011-utt238.wav,wav/vmc2026-track3-sys019-utt237.wav,4.42520669310761
sys016,utt236,wav/vmc2026-track3-sys016-utt236.wav,wav/vmc2026-track3-sys019-utt235.wav,3.7107109620100203
sys005,utt014,wav/vmc2026-track3-sys005-utt014.wav,wav/vmc2026-track3-sys019-utt013.wav,3.581610966019814
sys002,utt072,wav/vmc2026-track3-sys002-utt072.wav,wav/vmc2026-track3-sys019-utt071.wav,4.119574104470842
sys011,utt318,wav/vmc2026-track3-sys011-utt318.wav,wav/vmc2026-track3-sys019-utt317.wav,4.63462490240766
sys005,utt248,wav/vmc2026-track3-sys005-utt248.wav,wav/vmc2026-track3-sys019-utt247.wav,3.772076190472706
sys008,utt118,wav/vmc2026-track3-sys008-utt118.wav,wav/vmc2026-track3-sys019-utt117.wav,4.263928791652759
sys014,utt068,wav/vmc2026-track3-sys014-utt068.wav,wav/vmc2026-track3-sys019-utt067.wav,4.296132620364977
sys001,utt124,wav/vmc2026-track3-sys001-utt124.wav,wav/vmc2026-track3-sys019-utt123.wav,4.183047812269801
sys008,utt040,wav/vmc2026-track3-sys008-utt040.wav,wav/vmc2026-track3-sys019-utt039.wav,3.943676637742728
sys012,utt180,wav/vmc2026-track3-sys012-utt180.wav,wav/vmc2026-track3-sys019-utt179.wav,2.788041428243206
sys023,utt118,wav/vmc2026-track3-sys023-utt118.wav,wav/vmc2026-track3-sys019-utt117.wav,4.010248056768012
sys002,utt010,wav/vmc2026-track3-sys002-utt010.wav,wav/vmc2026-track3-sys019-utt009.wav,4.229824822908287
sys012,utt044,wav/vmc2026-track3-sys012-utt044.wav,wav/vmc2026-track3-sys019-utt043.wav,4.269663270449439
sys014,utt152,wav/vmc2026-track3-sys014-utt152.wav,wav/vmc2026-track3-sys019-utt151.wav,4.621997370543463
sys025,utt194,wav/vmc2026-track3-sys025-utt194.wav,wav/vmc2026-track3-sys019-utt193.wav,3.9027585438835293
sys020,utt130,wav/vmc2026-track3-sys020-utt130.wav,wav/vmc2026-track3-sys019-utt129.wav,3.75873609845146
sys014,utt012,wav/vmc2026-track3-sys014-utt012.wav,wav/vmc2026-track3-sys019-utt011.wav,4.273826648990308
sys016,utt294,wav/vmc2026-track3-sys016-utt294.wav,wav/vmc2026-track3-sys019-utt293.wav,4.080382120569837
sys020,utt308,wav/vmc2026-track3-sys020-utt308.wav,wav/vmc2026-track3-sys019-utt307.wav,3.536717166933193
sys023,utt158,wav/vmc2026-track3-sys023-utt158.wav,wav/vmc2026-track3-sys019-utt157.wav,4.369986423398586
sys007,utt262,wav/vmc2026-track3-sys007-utt262.wav,wav/vmc2026-track3-sys019-utt261.wav,4.3988423738581615
sys006,utt290,wav/vmc2026-track3-sys006-utt290.wav,wav/vmc2026-track3-sys019-utt289.wav,4.397332876511978
sys011,utt108,wav/vmc2026-track3-sys011-utt108.wav,wav/vmc2026-track3-sys019-utt107.wav,4.52257582315168
sys007,utt034,wav/vmc2026-track3-sys007-utt034.wav,wav/vmc2026-track3-sys019-utt033.wav,3.9999046724395817
sys013,utt144,wav/vmc2026-track3-sys013-utt144.wav,wav/vmc2026-track3-sys019-utt143.wav,3.698920635226113
sys020,utt304,wav/vmc2026-track3-sys020-utt304.wav,wav/vmc2026-track3-sys019-utt303.wav,3.441182148543813
sys002,utt120,wav/vmc2026-track3-sys002-utt120.wav,wav/vmc2026-track3-sys019-utt119.wav,3.6103477271061433
sys008,utt274,wav/vmc2026-track3-sys008-utt274.wav,wav/vmc2026-track3-sys019-utt273.wav,4.760307373768511
sys001,utt246,wav/vmc2026-track3-sys001-utt246.wav,wav/vmc2026-track3-sys019-utt245.wav,4.382364892748227
sys006,utt064,wav/vmc2026-track3-sys006-utt064.wav,wav/vmc2026-track3-sys019-utt063.wav,4.243468478873587
sys008,utt206,wav/vmc2026-track3-sys008-utt206.wav,wav/vmc2026-track3-sys019-utt205.wav,4.513402389488647
sys008,utt262,wav/vmc2026-track3-sys008-utt262.wav,wav/vmc2026-track3-sys019-utt261.wav,4.199367128070068
sys023,utt186,wav/vmc2026-track3-sys023-utt186.wav,wav/vmc2026-track3-sys019-utt185.wav,3.916671000230374
sys026,utt132,wav/vmc2026-track3-sys026-utt132.wav,wav/vmc2026-track3-sys019-utt131.wav,3.4441134372808646
sys012,utt236,wav/vmc2026-track3-sys012-utt236.wav,wav/vmc2026-track3-sys019-utt235.wav,3.754360219498369
sys002,utt308,wav/vmc2026-track3-sys002-utt308.wav,wav/vmc2026-track3-sys019-utt307.wav,4.403697708226059
sys002,utt320,wav/vmc2026-track3-sys002-utt320.wav,wav/vmc2026-track3-sys019-utt319.wav,4.095595503984853
sys002,utt140,wav/vmc2026-track3-sys002-utt140.wav,wav/vmc2026-track3-sys019-utt139.wav,3.7082290708889842
sys025,utt262,wav/vmc2026-track3-sys025-utt262.wav,wav/vmc2026-track3-sys019-utt261.wav,3.860902436269162
sys002,utt078,wav/vmc2026-track3-sys002-utt078.wav,wav/vmc2026-track3-sys019-utt077.wav,4.4399117951393885
sys012,utt034,wav/vmc2026-track3-sys012-utt034.wav,wav/vmc2026-track3-sys019-utt033.wav,3.3313675518251715
sys001,utt090,wav/vmc2026-track3-sys001-utt090.wav,wav/vmc2026-track3-sys019-utt089.wav,4.191130186893928
sys016,utt082,wav/vmc2026-track3-sys016-utt082.wav,wav/vmc2026-track3-sys019-utt081.wav,3.923952400174916
sys011,utt072,wav/vmc2026-track3-sys011-utt072.wav,wav/vmc2026-track3-sys019-utt071.wav,4.228253541049055
sys009,utt284,wav/vmc2026-track3-sys009-utt284.wav,wav/vmc2026-track3-sys019-utt283.wav,3.979125365292864
sys016,utt116,wav/vmc2026-track3-sys016-utt116.wav,wav/vmc2026-track3-sys019-utt115.wav,3.548848242799189
sys008,utt152,wav/vmc2026-track3-sys008-utt152.wav,wav/vmc2026-track3-sys019-utt151.wav,4.573379737056588
sys022,utt236,wav/vmc2026-track3-sys022-utt236.wav,wav/vmc2026-track3-sys019-utt235.wav,3.7653668218935628
sys005,utt032,wav/vmc2026-track3-sys005-utt032.wav,wav/vmc2026-track3-sys019-utt031.wav,3.1185160430352656
sys012,utt218,wav/vmc2026-track3-sys012-utt218.wav,wav/vmc2026-track3-sys019-utt217.wav,4.293987893259527
sys020,utt224,wav/vmc2026-track3-sys020-utt224.wav,wav/vmc2026-track3-sys019-utt223.wav,3.821836011685292
sys020,utt314,wav/vmc2026-track3-sys020-utt314.wav,wav/vmc2026-track3-sys019-utt313.wav,3.484497354032183
sys005,utt262,wav/vmc2026-track3-sys005-utt262.wav,wav/vmc2026-track3-sys019-utt261.wav,4.039193609855429
sys023,utt120,wav/vmc2026-track3-sys023-utt120.wav,wav/vmc2026-track3-sys019-utt119.wav,3.94244665105296
sys012,utt222,wav/vmc2026-track3-sys012-utt222.wav,wav/vmc2026-track3-sys019-utt221.wav,4.056741637913183
sys011,utt290,wav/vmc2026-track3-sys011-utt290.wav,wav/vmc2026-track3-sys019-utt289.wav,4.374724066627866
sys017,utt050,wav/vmc2026-track3-sys017-utt050.wav,wav/vmc2026-track3-sys019-utt049.wav,4.388614737573162
sys020,utt306,wav/vmc2026-track3-sys020-utt306.wav,wav/vmc2026-track3-sys019-utt305.wav,3.855768668954874
sys012,utt266,wav/vmc2026-track3-sys012-utt266.wav,wav/vmc2026-track3-sys019-utt265.wav,3.83886140074304
sys020,utt044,wav/vmc2026-track3-sys020-utt044.wav,wav/vmc2026-track3-sys019-utt043.wav,3.6031534472716316
sys020,utt144,wav/vmc2026-track3-sys020-utt144.wav,wav/vmc2026-track3-sys019-utt143.wav,3.2496830449963263
sys008,utt064,wav/vmc2026-track3-sys008-utt064.wav,wav/vmc2026-track3-sys019-utt063.wav,4.438378602194524
sys006,utt230,wav/vmc2026-track3-sys006-utt230.wav,wav/vmc2026-track3-sys019-utt229.wav,4.626781902866973
sys008,utt312,wav/vmc2026-track3-sys008-utt312.wav,wav/vmc2026-track3-sys019-utt311.wav,4.185571358844141
sys022,utt290,wav/vmc2026-track3-sys022-utt290.wav,wav/vmc2026-track3-sys019-utt289.wav,3.593084042198068
sys011,utt018,wav/vmc2026-track3-sys011-utt018.wav,wav/vmc2026-track3-sys019-utt017.wav,4.516504940668937
sys012,utt226,wav/vmc2026-track3-sys012-utt226.wav,wav/vmc2026-track3-sys019-utt225.wav,3.8928591202091347
sys006,utt104,wav/vmc2026-track3-sys006-utt104.wav,wav/vmc2026-track3-sys019-utt103.wav,4.6781716337520525
sys002,utt104,wav/vmc2026-track3-sys002-utt104.wav,wav/vmc2026-track3-sys019-utt103.wav,4.509056833968635
sys020,utt320,wav/vmc2026-track3-sys020-utt320.wav,wav/vmc2026-track3-sys019-utt319.wav,3.9705982187309243
sys013,utt088,wav/vmc2026-track3-sys013-utt088.wav,wav/vmc2026-track3-sys019-utt087.wav,3.9980445484240894
sys017,utt192,wav/vmc2026-track3-sys017-utt192.wav,wav/vmc2026-track3-sys019-utt191.wav,4.334213577472508
sys013,utt210,wav/vmc2026-track3-sys013-utt210.wav,wav/vmc2026-track3-sys019-utt209.wav,4.1281787749279
sys025,utt020,wav/vmc2026-track3-sys025-utt020.wav,wav/vmc2026-track3-sys019-utt019.wav,3.996841210528264
sys001,utt264,wav/vmc2026-track3-sys001-utt264.wav,wav/vmc2026-track3-sys019-utt263.wav,4.130333944605948
sys013,utt308,wav/vmc2026-track3-sys013-utt308.wav,wav/vmc2026-track3-sys019-utt307.wav,4.044049903985198
sys006,utt090,wav/vmc2026-track3-sys006-utt090.wav,wav/vmc2026-track3-sys019-utt089.wav,4.507150798347715
sys012,utt136,wav/vmc2026-track3-sys012-utt136.wav,wav/vmc2026-track3-sys019-utt135.wav,3.309676225032765
sys009,utt186,wav/vmc2026-track3-sys009-utt186.wav,wav/vmc2026-track3-sys019-utt185.wav,4.420741694291932
sys005,utt136,wav/vmc2026-track3-sys005-utt136.wav,wav/vmc2026-track3-sys019-utt135.wav,3.607626082880703
sys011,utt300,wav/vmc2026-track3-sys011-utt300.wav,wav/vmc2026-track3-sys019-utt299.wav,4.645182229425421
sys009,utt298,wav/vmc2026-track3-sys009-utt298.wav,wav/vmc2026-track3-sys019-utt297.wav,4.5106601349402435
sys016,utt102,wav/vmc2026-track3-sys016-utt102.wav,wav/vmc2026-track3-sys019-utt101.wav,4.099535725963904
sys024,utt132,wav/vmc2026-track3-sys024-utt132.wav,wav/vmc2026-track3-sys019-utt131.wav,3.8564736053419977
sys017,utt262,wav/vmc2026-track3-sys017-utt262.wav,wav/vmc2026-track3-sys019-utt261.wav,4.3293176684533226
sys024,utt130,wav/vmc2026-track3-sys024-utt130.wav,wav/vmc2026-track3-sys019-utt129.wav,4.239543410031116
sys009,utt204,wav/vmc2026-track3-sys009-utt204.wav,wav/vmc2026-track3-sys019-utt203.wav,3.6644220197156283
sys010,utt020,wav/vmc2026-track3-sys010-utt020.wav,wav/vmc2026-track3-sys019-utt019.wav,3.8285377222406325
sys007,utt032,wav/vmc2026-track3-sys007-utt032.wav,wav/vmc2026-track3-sys019-utt031.wav,3.17961224862857
sys014,utt090,wav/vmc2026-track3-sys014-utt090.wav,wav/vmc2026-track3-sys019-utt089.wav,4.311171449476575
sys006,utt222,wav/vmc2026-track3-sys006-utt222.wav,wav/vmc2026-track3-sys019-utt221.wav,4.43059954983714
sys006,utt050,wav/vmc2026-track3-sys006-utt050.wav,wav/vmc2026-track3-sys019-utt049.wav,4.598409682111438
sys020,utt280,wav/vmc2026-track3-sys020-utt280.wav,wav/vmc2026-track3-sys019-utt279.wav,3.920042869072394
sys018,utt220,wav/vmc2026-track3-sys018-utt220.wav,wav/vmc2026-track3-sys019-utt219.wav,4.035161986769937
sys006,utt146,wav/vmc2026-track3-sys006-utt146.wav,wav/vmc2026-track3-sys019-utt145.wav,4.291839677494612
sys022,utt312,wav/vmc2026-track3-sys022-utt312.wav,wav/vmc2026-track3-sys019-utt311.wav,3.7303258647370017
sys024,utt310,wav/vmc2026-track3-sys024-utt310.wav,wav/vmc2026-track3-sys019-utt309.wav,3.9825043252338403
sys023,utt226,wav/vmc2026-track3-sys023-utt226.wav,wav/vmc2026-track3-sys019-utt225.wav,4.522902375488712
sys010,utt242,wav/vmc2026-track3-sys010-utt242.wav,wav/vmc2026-track3-sys019-utt241.wav,4.110120467421575
sys007,utt276,wav/vmc2026-track3-sys007-utt276.wav,wav/vmc2026-track3-sys019-utt275.wav,4.049025555378435
sys002,utt044,wav/vmc2026-track3-sys002-utt044.wav,wav/vmc2026-track3-sys019-utt043.wav,4.1603030844206295
sys018,utt286,wav/vmc2026-track3-sys018-utt286.wav,wav/vmc2026-track3-sys019-utt285.wav,3.84323194720927
sys025,utt080,wav/vmc2026-track3-sys025-utt080.wav,wav/vmc2026-track3-sys019-utt079.wav,3.66156101857901
sys016,utt032,wav/vmc2026-track3-sys016-utt032.wav,wav/vmc2026-track3-sys019-utt031.wav,3.405788528114001
sys025,utt034,wav/vmc2026-track3-sys025-utt034.wav,wav/vmc2026-track3-sys019-utt033.wav,3.5530768073321912
sys010,utt262,wav/vmc2026-track3-sys010-utt262.wav,wav/vmc2026-track3-sys019-utt261.wav,4.1471823717508585
sys010,utt176,wav/vmc2026-track3-sys010-utt176.wav,wav/vmc2026-track3-sys019-utt175.wav,3.421003862139515
sys013,utt078,wav/vmc2026-track3-sys013-utt078.wav,wav/vmc2026-track3-sys019-utt077.wav,4.044796638092944
sys026,utt302,wav/vmc2026-track3-sys026-utt302.wav,wav/vmc2026-track3-sys019-utt301.wav,3.8891125953911407
sys026,utt108,wav/vmc2026-track3-sys026-utt108.wav,wav/vmc2026-track3-sys019-utt107.wav,4.043774816858155
sys016,utt244,wav/vmc2026-track3-sys016-utt244.wav,wav/vmc2026-track3-sys019-utt243.wav,4.258313588875186
sys023,utt088,wav/vmc2026-track3-sys023-utt088.wav,wav/vmc2026-track3-sys019-utt087.wav,3.844164675558869
sys005,utt152,wav/vmc2026-track3-sys005-utt152.wav,wav/vmc2026-track3-sys019-utt151.wav,3.9573816377429814
sys014,utt228,wav/vmc2026-track3-sys014-utt228.wav,wav/vmc2026-track3-sys019-utt227.wav,4.711064916989799
sys002,utt296,wav/vmc2026-track3-sys002-utt296.wav,wav/vmc2026-track3-sys019-utt295.wav,4.570834457169242
sys023,utt082,wav/vmc2026-track3-sys023-utt082.wav,wav/vmc2026-track3-sys019-utt081.wav,3.3842407062338906
sys010,utt172,wav/vmc2026-track3-sys010-utt172.wav,wav/vmc2026-track3-sys019-utt171.wav,3.6678112277147514
sys006,utt136,wav/vmc2026-track3-sys006-utt136.wav,wav/vmc2026-track3-sys019-utt135.wav,4.4149198035740245
sys014,utt292,wav/vmc2026-track3-sys014-utt292.wav,wav/vmc2026-track3-sys019-utt291.wav,4.535520191110201
sys010,utt104,wav/vmc2026-track3-sys010-utt104.wav,wav/vmc2026-track3-sys019-utt103.wav,4.346326558693401
sys022,utt298,wav/vmc2026-track3-sys022-utt298.wav,wav/vmc2026-track3-sys019-utt297.wav,3.857302378780981
sys018,utt140,wav/vmc2026-track3-sys018-utt140.wav,wav/vmc2026-track3-sys019-utt139.wav,3.286150053626255
sys002,utt248,wav/vmc2026-track3-sys002-utt248.wav,wav/vmc2026-track3-sys019-utt247.wav,4.6651115752368595
sys002,utt182,wav/vmc2026-track3-sys002-utt182.wav,wav/vmc2026-track3-sys019-utt181.wav,4.235314736270752
sys018,utt212,wav/vmc2026-track3-sys018-utt212.wav,wav/vmc2026-track3-sys019-utt211.wav,3.9600414060063396
sys026,utt080,wav/vmc2026-track3-sys026-utt080.wav,wav/vmc2026-track3-sys019-utt079.wav,3.751446122423518
sys023,utt136,wav/vmc2026-track3-sys023-utt136.wav,wav/vmc2026-track3-sys019-utt135.wav,3.7680221680843826
sys013,utt038,wav/vmc2026-track3-sys013-utt038.wav,wav/vmc2026-track3-sys019-utt037.wav,3.979251127036552
sys007,utt126,wav/vmc2026-track3-sys007-utt126.wav,wav/vmc2026-track3-sys019-utt125.wav,4.118243203580986
sys006,utt006,wav/vmc2026-track3-sys006-utt006.wav,wav/vmc2026-track3-sys019-utt005.wav,4.190350113533911
sys006,utt232,wav/vmc2026-track3-sys006-utt232.wav,wav/vmc2026-track3-sys019-utt231.wav,4.23601290344125
sys020,utt228,wav/vmc2026-track3-sys020-utt228.wav,wav/vmc2026-track3-sys019-utt227.wav,3.916377707863915
sys010,utt266,wav/vmc2026-track3-sys010-utt266.wav,wav/vmc2026-track3-sys019-utt265.wav,3.944673552711519
sys010,utt030,wav/vmc2026-track3-sys010-utt030.wav,wav/vmc2026-track3-sys019-utt029.wav,3.7242454961096203
sys005,utt178,wav/vmc2026-track3-sys005-utt178.wav,wav/vmc2026-track3-sys019-utt177.wav,3.731885738861092
sys006,utt206,wav/vmc2026-track3-sys006-utt206.wav,wav/vmc2026-track3-sys019-utt205.wav,4.298041647805105
sys013,utt264,wav/vmc2026-track3-sys013-utt264.wav,wav/vmc2026-track3-sys019-utt263.wav,3.9178244789991
sys005,utt312,wav/vmc2026-track3-sys005-utt312.wav,wav/vmc2026-track3-sys019-utt311.wav,3.577509357793075
sys013,utt306,wav/vmc2026-track3-sys013-utt306.wav,wav/vmc2026-track3-sys019-utt305.wav,4.272123878225129
sys023,utt306,wav/vmc2026-track3-sys023-utt306.wav,wav/vmc2026-track3-sys019-utt305.wav,4.2642252361269195
sys017,utt150,wav/vmc2026-track3-sys017-utt150.wav,wav/vmc2026-track3-sys019-utt149.wav,3.7000840149973246
sys001,utt034,wav/vmc2026-track3-sys001-utt034.wav,wav/vmc2026-track3-sys019-utt033.wav,4.074935411376127
sys009,utt212,wav/vmc2026-track3-sys009-utt212.wav,wav/vmc2026-track3-sys019-utt211.wav,4.441915587140053
sys002,utt298,wav/vmc2026-track3-sys002-utt298.wav,wav/vmc2026-track3-sys019-utt297.wav,4.379193267347359
sys006,utt038,wav/vmc2026-track3-sys006-utt038.wav,wav/vmc2026-track3-sys019-utt037.wav,4.208475724396042
sys026,utt122,wav/vmc2026-track3-sys026-utt122.wav,wav/vmc2026-track3-sys019-utt121.wav,3.868911481838131
sys009,utt008,wav/vmc2026-track3-sys009-utt008.wav,wav/vmc2026-track3-sys019-utt007.wav,4.456515827187505
sys018,utt104,wav/vmc2026-track3-sys018-utt104.wav,wav/vmc2026-track3-sys019-utt103.wav,4.209835541013203
sys018,utt216,wav/vmc2026-track3-sys018-utt216.wav,wav/vmc2026-track3-sys019-utt215.wav,4.197994505163978
sys025,utt044,wav/vmc2026-track3-sys025-utt044.wav,wav/vmc2026-track3-sys019-utt043.wav,4.046908153158821
sys006,utt216,wav/vmc2026-track3-sys006-utt216.wav,wav/vmc2026-track3-sys019-utt215.wav,4.610508772231238
sys024,utt296,wav/vmc2026-track3-sys024-utt296.wav,wav/vmc2026-track3-sys019-utt295.wav,4.32191933828635
sys018,utt308,wav/vmc2026-track3-sys018-utt308.wav,wav/vmc2026-track3-sys019-utt307.wav,3.9629472869666116
sys010,utt070,wav/vmc2026-track3-sys010-utt070.wav,wav/vmc2026-track3-sys019-utt069.wav,3.634923419934724
sys023,utt028,wav/vmc2026-track3-sys023-utt028.wav,wav/vmc2026-track3-sys019-utt027.wav,4.064749346660531
sys002,utt040,wav/vmc2026-track3-sys002-utt040.wav,wav/vmc2026-track3-sys019-utt039.wav,3.8592730311051966
sys009,utt082,wav/vmc2026-track3-sys009-utt082.wav,wav/vmc2026-track3-sys019-utt081.wav,3.9906112358881325
sys016,utt184,wav/vmc2026-track3-sys016-utt184.wav,wav/vmc2026-track3-sys019-utt183.wav,3.8913533655368155
sys007,utt210,wav/vmc2026-track3-sys007-utt210.wav,wav/vmc2026-track3-sys019-utt209.wav,4.20590849539008
sys025,utt296,wav/vmc2026-track3-sys025-utt296.wav,wav/vmc2026-track3-sys019-utt295.wav,4.041272385211383
sys016,utt090,wav/vmc2026-track3-sys016-utt090.wav,wav/vmc2026-track3-sys019-utt089.wav,3.473392152100765
sys012,utt014,wav/vmc2026-track3-sys012-utt014.wav,wav/vmc2026-track3-sys019-utt013.wav,4.262443582288076
sys014,utt074,wav/vmc2026-track3-sys014-utt074.wav,wav/vmc2026-track3-sys019-utt073.wav,4.489338268201108
sys023,utt278,wav/vmc2026-track3-sys023-utt278.wav,wav/vmc2026-track3-sys019-utt277.wav,3.8290959247877994
sys009,utt042,wav/vmc2026-track3-sys009-utt042.wav,wav/vmc2026-track3-sys019-utt041.wav,4.436836832909782
sys009,utt132,wav/vmc2026-track3-sys009-utt132.wav,wav/vmc2026-track3-sys019-utt131.wav,4.151772653234243
sys009,utt232,wav/vmc2026-track3-sys009-utt232.wav,wav/vmc2026-track3-sys019-utt231.wav,3.8822061572765456
sys016,utt124,wav/vmc2026-track3-sys016-utt124.wav,wav/vmc2026-track3-sys019-utt123.wav,3.628145941818225
sys007,utt314,wav/vmc2026-track3-sys007-utt314.wav,wav/vmc2026-track3-sys019-utt313.wav,3.932497201969627
sys013,utt178,wav/vmc2026-track3-sys013-utt178.wav,wav/vmc2026-track3-sys019-utt177.wav,3.860155722938879
sys013,utt074,wav/vmc2026-track3-sys013-utt074.wav,wav/vmc2026-track3-sys019-utt073.wav,3.8901214396352395
sys026,utt202,wav/vmc2026-track3-sys026-utt202.wav,wav/vmc2026-track3-sys019-utt201.wav,3.9022696437999462
sys026,utt304,wav/vmc2026-track3-sys026-utt304.wav,wav/vmc2026-track3-sys019-utt303.wav,3.7848105144817192
sys010,utt212,wav/vmc2026-track3-sys010-utt212.wav,wav/vmc2026-track3-sys019-utt211.wav,4.037011494320491
sys024,utt316,wav/vmc2026-track3-sys024-utt316.wav,wav/vmc2026-track3-sys019-utt315.wav,3.712577128829801
sys007,utt288,wav/vmc2026-track3-sys007-utt288.wav,wav/vmc2026-track3-sys019-utt287.wav,4.016617862698854
sys011,utt128,wav/vmc2026-track3-sys011-utt128.wav,wav/vmc2026-track3-sys019-utt127.wav,4.583979206851773
sys022,utt106,wav/vmc2026-track3-sys022-utt106.wav,wav/vmc2026-track3-sys019-utt105.wav,3.6651057728625767
sys013,utt136,wav/vmc2026-track3-sys013-utt136.wav,wav/vmc2026-track3-sys019-utt135.wav,4.019987118451799
sys005,utt106,wav/vmc2026-track3-sys005-utt106.wav,wav/vmc2026-track3-sys019-utt105.wav,4.133412854356463
sys017,utt274,wav/vmc2026-track3-sys017-utt274.wav,wav/vmc2026-track3-sys019-utt273.wav,4.147253407890933
sys002,utt038,wav/vmc2026-track3-sys002-utt038.wav,wav/vmc2026-track3-sys019-utt037.wav,3.9643115009522925
sys007,utt238,wav/vmc2026-track3-sys007-utt238.wav,wav/vmc2026-track3-sys019-utt237.wav,4.095455223854142
sys010,utt300,wav/vmc2026-track3-sys010-utt300.wav,wav/vmc2026-track3-sys019-utt299.wav,4.062908106804419
sys017,utt046,wav/vmc2026-track3-sys017-utt046.wav,wav/vmc2026-track3-sys019-utt045.wav,4.274440641771096
sys001,utt048,wav/vmc2026-track3-sys001-utt048.wav,wav/vmc2026-track3-sys019-utt047.wav,4.4010774233990375
sys014,utt246,wav/vmc2026-track3-sys014-utt246.wav,wav/vmc2026-track3-sys019-utt245.wav,4.494788039338796
sys017,utt124,wav/vmc2026-track3-sys017-utt124.wav,wav/vmc2026-track3-sys019-utt123.wav,3.6656427843114385
sys022,utt264,wav/vmc2026-track3-sys022-utt264.wav,wav/vmc2026-track3-sys019-utt263.wav,4.051429696093792
sys012,utt148,wav/vmc2026-track3-sys012-utt148.wav,wav/vmc2026-track3-sys019-utt147.wav,2.1846874662216553
sys011,utt042,wav/vmc2026-track3-sys011-utt042.wav,wav/vmc2026-track3-sys019-utt041.wav,4.337550886159086
sys009,utt224,wav/vmc2026-track3-sys009-utt224.wav,wav/vmc2026-track3-sys019-utt223.wav,4.500808952171916
sys010,utt136,wav/vmc2026-track3-sys010-utt136.wav,wav/vmc2026-track3-sys019-utt135.wav,3.6045269267624085
sys026,utt118,wav/vmc2026-track3-sys026-utt118.wav,wav/vmc2026-track3-sys019-utt117.wav,3.652739407027937
sys018,utt072,wav/vmc2026-track3-sys018-utt072.wav,wav/vmc2026-track3-sys019-utt071.wav,3.7968719683223937
sys025,utt242,wav/vmc2026-track3-sys025-utt242.wav,wav/vmc2026-track3-sys019-utt241.wav,3.884697176769631
sys022,utt272,wav/vmc2026-track3-sys022-utt272.wav,wav/vmc2026-track3-sys019-utt271.wav,4.182853709655309
sys024,utt110,wav/vmc2026-track3-sys024-utt110.wav,wav/vmc2026-track3-sys019-utt109.wav,4.2520273779243265
sys002,utt232,wav/vmc2026-track3-sys002-utt232.wav,wav/vmc2026-track3-sys019-utt231.wav,4.116688440277064
sys010,utt226,wav/vmc2026-track3-sys010-utt226.wav,wav/vmc2026-track3-sys019-utt225.wav,4.191344398581899
sys017,utt208,wav/vmc2026-track3-sys017-utt208.wav,wav/vmc2026-track3-sys019-utt207.wav,4.042567347193129
sys008,utt308,wav/vmc2026-track3-sys008-utt308.wav,wav/vmc2026-track3-sys019-utt307.wav,4.649820864188992
sys007,utt212,wav/vmc2026-track3-sys007-utt212.wav,wav/vmc2026-track3-sys019-utt211.wav,4.180565502135814
sys016,utt104,wav/vmc2026-track3-sys016-utt104.wav,wav/vmc2026-track3-sys019-utt103.wav,4.315509975067592
sys020,utt284,wav/vmc2026-track3-sys020-utt284.wav,wav/vmc2026-track3-sys019-utt283.wav,3.5777867506559478
sys012,utt042,wav/vmc2026-track3-sys012-utt042.wav,wav/vmc2026-track3-sys019-utt041.wav,4.155479089231436
sys014,utt248,wav/vmc2026-track3-sys014-utt248.wav,wav/vmc2026-track3-sys019-utt247.wav,5.0
sys024,utt066,wav/vmc2026-track3-sys024-utt066.wav,wav/vmc2026-track3-sys019-utt065.wav,3.9089982021347454
sys025,utt292,wav/vmc2026-track3-sys025-utt292.wav,wav/vmc2026-track3-sys019-utt291.wav,3.751305894515105
sys002,utt244,wav/vmc2026-track3-sys002-utt244.wav,wav/vmc2026-track3-sys019-utt243.wav,4.194589386971832
sys023,utt042,wav/vmc2026-track3-sys023-utt042.wav,wav/vmc2026-track3-sys019-utt041.wav,4.180519429646689
sys009,utt040,wav/vmc2026-track3-sys009-utt040.wav,wav/vmc2026-track3-sys019-utt039.wav,3.9250000237747207
sys008,utt078,wav/vmc2026-track3-sys008-utt078.wav,wav/vmc2026-track3-sys019-utt077.wav,4.650589473110253
sys017,utt122,wav/vmc2026-track3-sys017-utt122.wav,wav/vmc2026-track3-sys019-utt121.wav,4.073872395923133
sys007,utt152,wav/vmc2026-track3-sys007-utt152.wav,wav/vmc2026-track3-sys019-utt151.wav,4.174839271599108
sys018,utt144,wav/vmc2026-track3-sys018-utt144.wav,wav/vmc2026-track3-sys019-utt143.wav,3.142483878451395
sys012,utt160,wav/vmc2026-track3-sys012-utt160.wav,wav/vmc2026-track3-sys019-utt159.wav,4.245006641723807
sys013,utt312,wav/vmc2026-track3-sys013-utt312.wav,wav/vmc2026-track3-sys019-utt311.wav,3.941050502728588
sys017,utt268,wav/vmc2026-track3-sys017-utt268.wav,wav/vmc2026-track3-sys019-utt267.wav,4.309591276607372
sys002,utt306,wav/vmc2026-track3-sys002-utt306.wav,wav/vmc2026-track3-sys019-utt305.wav,4.510905304642
sys005,utt036,wav/vmc2026-track3-sys005-utt036.wav,wav/vmc2026-track3-sys019-utt035.wav,3.547115668554564
sys008,utt246,wav/vmc2026-track3-sys008-utt246.wav,wav/vmc2026-track3-sys019-utt245.wav,4.671827899014216
sys006,utt036,wav/vmc2026-track3-sys006-utt036.wav,wav/vmc2026-track3-sys019-utt035.wav,3.902933618159531
sys005,utt112,wav/vmc2026-track3-sys005-utt112.wav,wav/vmc2026-track3-sys019-utt111.wav,3.664668183079801
sys005,utt222,wav/vmc2026-track3-sys005-utt222.wav,wav/vmc2026-track3-sys019-utt221.wav,3.798981812725558
sys022,utt088,wav/vmc2026-track3-sys022-utt088.wav,wav/vmc2026-track3-sys019-utt087.wav,3.7510800708606586
sys026,utt242,wav/vmc2026-track3-sys026-utt242.wav,wav/vmc2026-track3-sys019-utt241.wav,4.1473614635590605
sys016,utt062,wav/vmc2026-track3-sys016-utt062.wav,wav/vmc2026-track3-sys019-utt061.wav,3.868601466499677
sys012,utt234,wav/vmc2026-track3-sys012-utt234.wav,wav/vmc2026-track3-sys019-utt233.wav,3.7665642435343374
sys006,utt138,wav/vmc2026-track3-sys006-utt138.wav,wav/vmc2026-track3-sys019-utt137.wav,4.2761099909096325
sys006,utt180,wav/vmc2026-track3-sys006-utt180.wav,wav/vmc2026-track3-sys019-utt179.wav,4.120933417460642
sys025,utt214,wav/vmc2026-track3-sys025-utt214.wav,wav/vmc2026-track3-sys019-utt213.wav,4.21067403943567
sys005,utt224,wav/vmc2026-track3-sys005-utt224.wav,wav/vmc2026-track3-sys019-utt223.wav,4.048291989614308
sys023,utt106,wav/vmc2026-track3-sys023-utt106.wav,wav/vmc2026-track3-sys019-utt105.wav,4.191296881671879
sys026,utt126,wav/vmc2026-track3-sys026-utt126.wav,wav/vmc2026-track3-sys019-utt125.wav,3.9860210173021877
sys014,utt308,wav/vmc2026-track3-sys014-utt308.wav,wav/vmc2026-track3-sys019-utt307.wav,4.509948507552122
sys011,utt192,wav/vmc2026-track3-sys011-utt192.wav,wav/vmc2026-track3-sys019-utt191.wav,4.4671195309018294
sys002,utt030,wav/vmc2026-track3-sys002-utt030.wav,wav/vmc2026-track3-sys019-utt029.wav,4.388951788069281
sys018,utt296,wav/vmc2026-track3-sys018-utt296.wav,wav/vmc2026-track3-sys019-utt295.wav,4.140458004411587
sys012,utt154,wav/vmc2026-track3-sys012-utt154.wav,wav/vmc2026-track3-sys019-utt153.wav,3.6240699160984686
sys009,utt214,wav/vmc2026-track3-sys009-utt214.wav,wav/vmc2026-track3-sys019-utt213.wav,4.5344142339352675
sys005,utt064,wav/vmc2026-track3-sys005-utt064.wav,wav/vmc2026-track3-sys019-utt063.wav,3.3934300957551202
sys008,utt050,wav/vmc2026-track3-sys008-utt050.wav,wav/vmc2026-track3-sys019-utt049.wav,4.5955912463792075
sys026,utt312,wav/vmc2026-track3-sys026-utt312.wav,wav/vmc2026-track3-sys019-utt311.wav,3.738510291764418
sys018,utt200,wav/vmc2026-track3-sys018-utt200.wav,wav/vmc2026-track3-sys019-utt199.wav,4.391227109661606
sys002,utt186,wav/vmc2026-track3-sys002-utt186.wav,wav/vmc2026-track3-sys019-utt185.wav,4.308836808565651
sys002,utt106,wav/vmc2026-track3-sys002-utt106.wav,wav/vmc2026-track3-sys019-utt105.wav,4.162927822747331
sys006,utt044,wav/vmc2026-track3-sys006-utt044.wav,wav/vmc2026-track3-sys019-utt043.wav,4.431517378327385
sys014,utt172,wav/vmc2026-track3-sys014-utt172.wav,wav/vmc2026-track3-sys019-utt171.wav,4.2624422433086036
sys017,utt030,wav/vmc2026-track3-sys017-utt030.wav,wav/vmc2026-track3-sys019-utt029.wav,4.2452051600268295
sys022,utt154,wav/vmc2026-track3-sys022-utt154.wav,wav/vmc2026-track3-sys019-utt153.wav,4.300093771033203
sys023,utt006,wav/vmc2026-track3-sys023-utt006.wav,wav/vmc2026-track3-sys019-utt005.wav,3.720275868933247
sys022,utt128,wav/vmc2026-track3-sys022-utt128.wav,wav/vmc2026-track3-sys019-utt127.wav,3.771530751820385
sys023,utt114,wav/vmc2026-track3-sys023-utt114.wav,wav/vmc2026-track3-sys019-utt113.wav,3.2964734820555517
sys010,utt312,wav/vmc2026-track3-sys010-utt312.wav,wav/vmc2026-track3-sys019-utt311.wav,3.7971777084319682
sys013,utt300,wav/vmc2026-track3-sys013-utt300.wav,wav/vmc2026-track3-sys019-utt299.wav,4.204975937866154
sys023,utt148,wav/vmc2026-track3-sys023-utt148.wav,wav/vmc2026-track3-sys019-utt147.wav,3.8082821140084637
sys010,utt160,wav/vmc2026-track3-sys010-utt160.wav,wav/vmc2026-track3-sys019-utt159.wav,4.13014286128806
sys009,utt124,wav/vmc2026-track3-sys009-utt124.wav,wav/vmc2026-track3-sys019-utt123.wav,3.9679213399346995
sys017,utt112,wav/vmc2026-track3-sys017-utt112.wav,wav/vmc2026-track3-sys019-utt111.wav,3.5806509434388216
sys012,utt026,wav/vmc2026-track3-sys012-utt026.wav,wav/vmc2026-track3-sys019-utt025.wav,4.074089946423832
sys018,utt314,wav/vmc2026-track3-sys018-utt314.wav,wav/vmc2026-track3-sys019-utt313.wav,3.6008462849282634
sys018,utt268,wav/vmc2026-track3-sys018-utt268.wav,wav/vmc2026-track3-sys019-utt267.wav,4.1175991120426145
sys024,utt184,wav/vmc2026-track3-sys024-utt184.wav,wav/vmc2026-track3-sys019-utt183.wav,3.800740117013257
sys013,utt194,wav/vmc2026-track3-sys013-utt194.wav,wav/vmc2026-track3-sys019-utt193.wav,4.272450042128135
sys018,utt182,wav/vmc2026-track3-sys018-utt182.wav,wav/vmc2026-track3-sys019-utt181.wav,3.41576570273111
sys020,utt244,wav/vmc2026-track3-sys020-utt244.wav,wav/vmc2026-track3-sys019-utt243.wav,3.5787646489971054
sys025,utt132,wav/vmc2026-track3-sys025-utt132.wav,wav/vmc2026-track3-sys019-utt131.wav,3.5061458661844376
sys024,utt014,wav/vmc2026-track3-sys024-utt014.wav,wav/vmc2026-track3-sys019-utt013.wav,3.8749925294862213
sys014,utt180,wav/vmc2026-track3-sys014-utt180.wav,wav/vmc2026-track3-sys019-utt179.wav,4.096608183989152
sys023,utt280,wav/vmc2026-track3-sys023-utt280.wav,wav/vmc2026-track3-sys019-utt279.wav,4.27615692046152
sys018,utt178,wav/vmc2026-track3-sys018-utt178.wav,wav/vmc2026-track3-sys019-utt177.wav,3.917302904604229
sys011,utt154,wav/vmc2026-track3-sys011-utt154.wav,wav/vmc2026-track3-sys019-utt153.wav,4.484544941221438
sys008,utt278,wav/vmc2026-track3-sys008-utt278.wav,wav/vmc2026-track3-sys019-utt277.wav,4.639627810418728
sys022,utt250,wav/vmc2026-track3-sys022-utt250.wav,wav/vmc2026-track3-sys019-utt249.wav,3.438606447918867
sys022,utt182,wav/vmc2026-track3-sys022-utt182.wav,wav/vmc2026-track3-sys019-utt181.wav,3.8008284939581913
sys013,utt262,wav/vmc2026-track3-sys013-utt262.wav,wav/vmc2026-track3-sys019-utt261.wav,4.110320408744093
sys017,utt172,wav/vmc2026-track3-sys017-utt172.wav,wav/vmc2026-track3-sys019-utt171.wav,3.9801772533164845
sys026,utt244,wav/vmc2026-track3-sys026-utt244.wav,wav/vmc2026-track3-sys019-utt243.wav,4.083604469996835
sys026,utt022,wav/vmc2026-track3-sys026-utt022.wav,wav/vmc2026-track3-sys019-utt021.wav,3.8389141783109446
sys023,utt068,wav/vmc2026-track3-sys023-utt068.wav,wav/vmc2026-track3-sys019-utt067.wav,3.7316969816576147
sys008,utt264,wav/vmc2026-track3-sys008-utt264.wav,wav/vmc2026-track3-sys019-utt263.wav,4.281401092066168
sys001,utt084,wav/vmc2026-track3-sys001-utt084.wav,wav/vmc2026-track3-sys019-utt083.wav,4.309583953254404
sys018,utt102,wav/vmc2026-track3-sys018-utt102.wav,wav/vmc2026-track3-sys019-utt101.wav,4.109301080478949
sys024,utt024,wav/vmc2026-track3-sys024-utt024.wav,wav/vmc2026-track3-sys019-utt023.wav,3.824447185107205
sys020,utt076,wav/vmc2026-track3-sys020-utt076.wav,wav/vmc2026-track3-sys019-utt075.wav,3.538606695514307
sys016,utt118,wav/vmc2026-track3-sys016-utt118.wav,wav/vmc2026-track3-sys019-utt117.wav,3.7784782372881893
sys001,utt156,wav/vmc2026-track3-sys001-utt156.wav,wav/vmc2026-track3-sys019-utt155.wav,4.580811083078924
sys025,utt192,wav/vmc2026-track3-sys025-utt192.wav,wav/vmc2026-track3-sys019-utt191.wav,3.729289953033002
sys023,utt014,wav/vmc2026-track3-sys023-utt014.wav,wav/vmc2026-track3-sys019-utt013.wav,4.068725798385978
sys007,utt172,wav/vmc2026-track3-sys007-utt172.wav,wav/vmc2026-track3-sys019-utt171.wav,3.5389158190263745
sys010,utt268,wav/vmc2026-track3-sys010-utt268.wav,wav/vmc2026-track3-sys019-utt267.wav,3.6860945119050337
sys016,utt306,wav/vmc2026-track3-sys016-utt306.wav,wav/vmc2026-track3-sys019-utt305.wav,3.9452475105126523
sys013,utt286,wav/vmc2026-track3-sys013-utt286.wav,wav/vmc2026-track3-sys019-utt285.wav,3.8929889956042265
sys010,utt218,wav/vmc2026-track3-sys010-utt218.wav,wav/vmc2026-track3-sys019-utt217.wav,4.358103203494646
sys024,utt290,wav/vmc2026-track3-sys024-utt290.wav,wav/vmc2026-track3-sys019-utt289.wav,3.8872698959522665
sys013,utt070,wav/vmc2026-track3-sys013-utt070.wav,wav/vmc2026-track3-sys019-utt069.wav,4.127771212061775
sys018,utt126,wav/vmc2026-track3-sys018-utt126.wav,wav/vmc2026-track3-sys019-utt125.wav,4.182018131158736
sys014,utt120,wav/vmc2026-track3-sys014-utt120.wav,wav/vmc2026-track3-sys019-utt119.wav,4.324598325839263
sys022,utt104,wav/vmc2026-track3-sys022-utt104.wav,wav/vmc2026-track3-sys019-utt103.wav,4.0532831472863995
sys024,utt034,wav/vmc2026-track3-sys024-utt034.wav,wav/vmc2026-track3-sys019-utt033.wav,3.647842926304535
sys025,utt070,wav/vmc2026-track3-sys025-utt070.wav,wav/vmc2026-track3-sys019-utt069.wav,3.761375522779975
sys013,utt226,wav/vmc2026-track3-sys013-utt226.wav,wav/vmc2026-track3-sys019-utt225.wav,4.4795247902581545
sys002,utt230,wav/vmc2026-track3-sys002-utt230.wav,wav/vmc2026-track3-sys019-utt229.wav,4.571123212930251
sys020,utt292,wav/vmc2026-track3-sys020-utt292.wav,wav/vmc2026-track3-sys019-utt291.wav,3.6597077151770674
sys018,utt008,wav/vmc2026-track3-sys018-utt008.wav,wav/vmc2026-track3-sys019-utt007.wav,4.1484482166027306
sys024,utt220,wav/vmc2026-track3-sys024-utt220.wav,wav/vmc2026-track3-sys019-utt219.wav,3.999802257679916
sys005,utt030,wav/vmc2026-track3-sys005-utt030.wav,wav/vmc2026-track3-sys019-utt029.wav,3.9290564034671296
sys020,utt148,wav/vmc2026-track3-sys020-utt148.wav,wav/vmc2026-track3-sys019-utt147.wav,3.185615782048215
sys006,utt066,wav/vmc2026-track3-sys006-utt066.wav,wav/vmc2026-track3-sys019-utt065.wav,4.682648443614387
sys020,utt154,wav/vmc2026-track3-sys020-utt154.wav,wav/vmc2026-track3-sys019-utt153.wav,3.973170018436361
sys011,utt176,wav/vmc2026-track3-sys011-utt176.wav,wav/vmc2026-track3-sys019-utt175.wav,4.028647665778772
sys022,utt208,wav/vmc2026-track3-sys022-utt208.wav,wav/vmc2026-track3-sys019-utt207.wav,3.616609541404697
sys018,utt032,wav/vmc2026-track3-sys018-utt032.wav,wav/vmc2026-track3-sys019-utt031.wav,3.2021054766791397
sys023,utt144,wav/vmc2026-track3-sys023-utt144.wav,wav/vmc2026-track3-sys019-utt143.wav,3.603340097099379
sys012,utt084,wav/vmc2026-track3-sys012-utt084.wav,wav/vmc2026-track3-sys019-utt083.wav,3.9444283184974323
sys006,utt176,wav/vmc2026-track3-sys006-utt176.wav,wav/vmc2026-track3-sys019-utt175.wav,4.0761383262184285
sys020,utt218,wav/vmc2026-track3-sys020-utt218.wav,wav/vmc2026-track3-sys019-utt217.wav,3.9053737620678666
sys012,utt002,wav/vmc2026-track3-sys012-utt002.wav,wav/vmc2026-track3-sys019-utt001.wav,4.3447715367628135
sys016,utt292,wav/vmc2026-track3-sys016-utt292.wav,wav/vmc2026-track3-sys019-utt291.wav,4.202847183730222
sys022,utt282,wav/vmc2026-track3-sys022-utt282.wav,wav/vmc2026-track3-sys019-utt281.wav,3.9684604191183674
sys011,utt184,wav/vmc2026-track3-sys011-utt184.wav,wav/vmc2026-track3-sys019-utt183.wav,4.255815278822316
sys022,utt196,wav/vmc2026-track3-sys022-utt196.wav,wav/vmc2026-track3-sys019-utt195.wav,3.893961844079647
sys024,utt002,wav/vmc2026-track3-sys024-utt002.wav,wav/vmc2026-track3-sys019-utt001.wav,4.016345393859532
sys016,utt298,wav/vmc2026-track3-sys016-utt298.wav,wav/vmc2026-track3-sys019-utt297.wav,3.3104064008979064
sys012,utt194,wav/vmc2026-track3-sys012-utt194.wav,wav/vmc2026-track3-sys019-utt193.wav,3.1046707814360373
sys012,utt238,wav/vmc2026-track3-sys012-utt238.wav,wav/vmc2026-track3-sys019-utt237.wav,3.9489725095073576
sys008,utt084,wav/vmc2026-track3-sys008-utt084.wav,wav/vmc2026-track3-sys019-utt083.wav,4.439439047339781
sys007,utt086,wav/vmc2026-track3-sys007-utt086.wav,wav/vmc2026-track3-sys019-utt085.wav,3.383763692775216
sys006,utt022,wav/vmc2026-track3-sys006-utt022.wav,wav/vmc2026-track3-sys019-utt021.wav,4.232651288591673
sys020,utt266,wav/vmc2026-track3-sys020-utt266.wav,wav/vmc2026-track3-sys019-utt265.wav,3.6920167775694956
sys007,utt112,wav/vmc2026-track3-sys007-utt112.wav,wav/vmc2026-track3-sys019-utt111.wav,3.263951909000781
sys014,utt232,wav/vmc2026-track3-sys014-utt232.wav,wav/vmc2026-track3-sys019-utt231.wav,4.260652452446553
sys020,utt112,wav/vmc2026-track3-sys020-utt112.wav,wav/vmc2026-track3-sys019-utt111.wav,3.5248300253180904
sys022,utt038,wav/vmc2026-track3-sys022-utt038.wav,wav/vmc2026-track3-sys019-utt037.wav,3.308735170169608
sys018,utt218,wav/vmc2026-track3-sys018-utt218.wav,wav/vmc2026-track3-sys019-utt217.wav,4.21120592349967
sys005,utt298,wav/vmc2026-track3-sys005-utt298.wav,wav/vmc2026-track3-sys019-utt297.wav,3.658247148362221
sys025,utt302,wav/vmc2026-track3-sys025-utt302.wav,wav/vmc2026-track3-sys019-utt301.wav,4.0299423114439605
sys018,utt270,wav/vmc2026-track3-sys018-utt270.wav,wav/vmc2026-track3-sys019-utt269.wav,4.334160042995674
sys009,utt282,wav/vmc2026-track3-sys009-utt282.wav,wav/vmc2026-track3-sys019-utt281.wav,4.2175114963543106
sys018,utt210,wav/vmc2026-track3-sys018-utt210.wav,wav/vmc2026-track3-sys019-utt209.wav,3.819930831068139
sys001,utt172,wav/vmc2026-track3-sys001-utt172.wav,wav/vmc2026-track3-sys019-utt171.wav,3.8359904083778567
sys013,utt002,wav/vmc2026-track3-sys013-utt002.wav,wav/vmc2026-track3-sys019-utt001.wav,4.117348005602141
sys009,utt302,wav/vmc2026-track3-sys009-utt302.wav,wav/vmc2026-track3-sys019-utt301.wav,4.2900248692229805
sys024,utt292,wav/vmc2026-track3-sys024-utt292.wav,wav/vmc2026-track3-sys019-utt291.wav,3.875607354419389
sys010,utt264,wav/vmc2026-track3-sys010-utt264.wav,wav/vmc2026-track3-sys019-utt263.wav,3.790812492967108
sys007,utt200,wav/vmc2026-track3-sys007-utt200.wav,wav/vmc2026-track3-sys019-utt199.wav,4.42158281306542
sys022,utt102,wav/vmc2026-track3-sys022-utt102.wav,wav/vmc2026-track3-sys019-utt101.wav,3.8346710512917066
sys013,utt062,wav/vmc2026-track3-sys013-utt062.wav,wav/vmc2026-track3-sys019-utt061.wav,4.1524191495643725
sys013,utt250,wav/vmc2026-track3-sys013-utt250.wav,wav/vmc2026-track3-sys019-utt249.wav,4.314730906024634
sys010,utt010,wav/vmc2026-track3-sys010-utt010.wav,wav/vmc2026-track3-sys019-utt009.wav,4.001704943571175
sys024,utt180,wav/vmc2026-track3-sys024-utt180.wav,wav/vmc2026-track3-sys019-utt179.wav,3.6419878503763505
sys002,utt208,wav/vmc2026-track3-sys002-utt208.wav,wav/vmc2026-track3-sys019-utt207.wav,4.204123470595542
sys013,utt050,wav/vmc2026-track3-sys013-utt050.wav,wav/vmc2026-track3-sys019-utt049.wav,4.313480071081121
sys013,utt066,wav/vmc2026-track3-sys013-utt066.wav,wav/vmc2026-track3-sys019-utt065.wav,4.406997208249773
sys001,utt266,wav/vmc2026-track3-sys001-utt266.wav,wav/vmc2026-track3-sys019-utt265.wav,4.194004813493591
sys001,utt016,wav/vmc2026-track3-sys001-utt016.wav,wav/vmc2026-track3-sys019-utt015.wav,4.446578873808688
sys024,utt018,wav/vmc2026-track3-sys024-utt018.wav,wav/vmc2026-track3-sys019-utt017.wav,3.9353872332003363
sys001,utt020,wav/vmc2026-track3-sys001-utt020.wav,wav/vmc2026-track3-sys019-utt019.wav,4.180581950966906
sys016,utt126,wav/vmc2026-track3-sys016-utt126.wav,wav/vmc2026-track3-sys019-utt125.wav,4.349183191875114
sys022,utt198,wav/vmc2026-track3-sys022-utt198.wav,wav/vmc2026-track3-sys019-utt197.wav,4.028998574244664
sys006,utt076,wav/vmc2026-track3-sys006-utt076.wav,wav/vmc2026-track3-sys019-utt075.wav,4.404425381879428
sys002,utt266,wav/vmc2026-track3-sys002-utt266.wav,wav/vmc2026-track3-sys019-utt265.wav,4.237260572271874
sys001,utt116,wav/vmc2026-track3-sys001-utt116.wav,wav/vmc2026-track3-sys019-utt115.wav,3.927402720837479
sys025,utt264,wav/vmc2026-track3-sys025-utt264.wav,wav/vmc2026-track3-sys019-utt263.wav,3.88743023162227
sys006,utt134,wav/vmc2026-track3-sys006-utt134.wav,wav/vmc2026-track3-sys019-utt133.wav,4.177931979500601
sys012,utt144,wav/vmc2026-track3-sys012-utt144.wav,wav/vmc2026-track3-sys019-utt143.wav,2.689189864260026
sys007,utt046,wav/vmc2026-track3-sys007-utt046.wav,wav/vmc2026-track3-sys019-utt045.wav,4.022058693929829
sys008,utt214,wav/vmc2026-track3-sys008-utt214.wav,wav/vmc2026-track3-sys019-utt213.wav,4.7386970796129955
sys007,utt176,wav/vmc2026-track3-sys007-utt176.wav,wav/vmc2026-track3-sys019-utt175.wav,3.499658784488883
sys007,utt224,wav/vmc2026-track3-sys007-utt224.wav,wav/vmc2026-track3-sys019-utt223.wav,4.391810594852186
sys014,utt276,wav/vmc2026-track3-sys014-utt276.wav,wav/vmc2026-track3-sys019-utt275.wav,4.4546520736692665
sys009,utt084,wav/vmc2026-track3-sys009-utt084.wav,wav/vmc2026-track3-sys019-utt083.wav,3.9051018744844828
sys011,utt034,wav/vmc2026-track3-sys011-utt034.wav,wav/vmc2026-track3-sys019-utt033.wav,4.146381361933513
sys025,utt148,wav/vmc2026-track3-sys025-utt148.wav,wav/vmc2026-track3-sys019-utt147.wav,3.421173312515318
sys005,utt132,wav/vmc2026-track3-sys005-utt132.wav,wav/vmc2026-track3-sys019-utt131.wav,3.486683711751743
sys024,utt318,wav/vmc2026-track3-sys024-utt318.wav,wav/vmc2026-track3-sys019-utt317.wav,3.9574676222661447
sys018,utt186,wav/vmc2026-track3-sys018-utt186.wav,wav/vmc2026-track3-sys019-utt185.wav,3.749626224615533
sys017,utt108,wav/vmc2026-track3-sys017-utt108.wav,wav/vmc2026-track3-sys019-utt107.wav,4.36253412547547
sys022,utt156,wav/vmc2026-track3-sys022-utt156.wav,wav/vmc2026-track3-sys019-utt155.wav,4.2384104217073
sys023,utt038,wav/vmc2026-track3-sys023-utt038.wav,wav/vmc2026-track3-sys019-utt037.wav,3.701610882153541
sys005,utt192,wav/vmc2026-track3-sys005-utt192.wav,wav/vmc2026-track3-sys019-utt191.wav,3.7660869143417335
sys013,utt248,wav/vmc2026-track3-sys013-utt248.wav,wav/vmc2026-track3-sys019-utt247.wav,4.521640399275697
sys022,utt008,wav/vmc2026-track3-sys022-utt008.wav,wav/vmc2026-track3-sys019-utt007.wav,3.874675361456639
sys014,utt174,wav/vmc2026-track3-sys014-utt174.wav,wav/vmc2026-track3-sys019-utt173.wav,4.100392209904381
sys008,utt234,wav/vmc2026-track3-sys008-utt234.wav,wav/vmc2026-track3-sys019-utt233.wav,4.1180069444121505
sys001,utt066,wav/vmc2026-track3-sys001-utt066.wav,wav/vmc2026-track3-sys019-utt065.wav,4.2613836332192045
sys022,utt044,wav/vmc2026-track3-sys022-utt044.wav,wav/vmc2026-track3-sys019-utt043.wav,3.7673244458242072
sys008,utt178,wav/vmc2026-track3-sys008-utt178.wav,wav/vmc2026-track3-sys019-utt177.wav,4.1611251326551395
sys008,utt306,wav/vmc2026-track3-sys008-utt306.wav,wav/vmc2026-track3-sys019-utt305.wav,4.720175415824951
sys020,utt072,wav/vmc2026-track3-sys020-utt072.wav,wav/vmc2026-track3-sys019-utt071.wav,3.3308245850602174
sys018,utt264,wav/vmc2026-track3-sys018-utt264.wav,wav/vmc2026-track3-sys019-utt263.wav,3.635542834129381
sys018,utt112,wav/vmc2026-track3-sys018-utt112.wav,wav/vmc2026-track3-sys019-utt111.wav,3.4385957100747055
sys020,utt174,wav/vmc2026-track3-sys020-utt174.wav,wav/vmc2026-track3-sys019-utt173.wav,2.994820381129807
sys016,utt274,wav/vmc2026-track3-sys016-utt274.wav,wav/vmc2026-track3-sys019-utt273.wav,4.313468952931616
sys009,utt266,wav/vmc2026-track3-sys009-utt266.wav,wav/vmc2026-track3-sys019-utt265.wav,4.28624700412742
sys026,utt174,wav/vmc2026-track3-sys026-utt174.wav,wav/vmc2026-track3-sys019-utt173.wav,3.417617254634843
sys024,utt202,wav/vmc2026-track3-sys024-utt202.wav,wav/vmc2026-track3-sys019-utt201.wav,3.8827563809476273
sys013,utt130,wav/vmc2026-track3-sys013-utt130.wav,wav/vmc2026-track3-sys019-utt129.wav,4.209731163992238
sys012,utt184,wav/vmc2026-track3-sys012-utt184.wav,wav/vmc2026-track3-sys019-utt183.wav,3.27948783061069
sys006,utt086,wav/vmc2026-track3-sys006-utt086.wav,wav/vmc2026-track3-sys019-utt085.wav,4.590447877324135
sys020,utt002,wav/vmc2026-track3-sys020-utt002.wav,wav/vmc2026-track3-sys019-utt001.wav,3.5716258370525926
sys025,utt110,wav/vmc2026-track3-sys025-utt110.wav,wav/vmc2026-track3-sys019-utt109.wav,3.662790689738282
sys025,utt130,wav/vmc2026-track3-sys025-utt130.wav,wav/vmc2026-track3-sys019-utt129.wav,3.8804659177961254
sys013,utt126,wav/vmc2026-track3-sys013-utt126.wav,wav/vmc2026-track3-sys019-utt125.wav,3.9989808815769963
sys005,utt242,wav/vmc2026-track3-sys005-utt242.wav,wav/vmc2026-track3-sys019-utt241.wav,3.6188937429033685
sys010,utt292,wav/vmc2026-track3-sys010-utt292.wav,wav/vmc2026-track3-sys019-utt291.wav,4.099885651052842
sys016,utt180,wav/vmc2026-track3-sys016-utt180.wav,wav/vmc2026-track3-sys019-utt179.wav,3.364157488801526
sys026,utt088,wav/vmc2026-track3-sys026-utt088.wav,wav/vmc2026-track3-sys019-utt087.wav,3.7181999365409473
sys006,utt032,wav/vmc2026-track3-sys006-utt032.wav,wav/vmc2026-track3-sys019-utt031.wav,3.9302494678711244
sys001,utt178,wav/vmc2026-track3-sys001-utt178.wav,wav/vmc2026-track3-sys019-utt177.wav,4.316475500501734
sys012,utt032,wav/vmc2026-track3-sys012-utt032.wav,wav/vmc2026-track3-sys019-utt031.wav,3.4281740723935883
sys020,utt248,wav/vmc2026-track3-sys020-utt248.wav,wav/vmc2026-track3-sys019-utt247.wav,4.027148054829139
sys025,utt012,wav/vmc2026-track3-sys025-utt012.wav,wav/vmc2026-track3-sys019-utt011.wav,3.7256771359758085
sys011,utt050,wav/vmc2026-track3-sys011-utt050.wav,wav/vmc2026-track3-sys019-utt049.wav,4.557271373879117
sys023,utt238,wav/vmc2026-track3-sys023-utt238.wav,wav/vmc2026-track3-sys019-utt237.wav,4.11085231875135
sys010,utt238,wav/vmc2026-track3-sys010-utt238.wav,wav/vmc2026-track3-sys019-utt237.wav,3.805680550074199
sys024,utt208,wav/vmc2026-track3-sys024-utt208.wav,wav/vmc2026-track3-sys019-utt207.wav,3.325035312693236
sys005,utt134,wav/vmc2026-track3-sys005-utt134.wav,wav/vmc2026-track3-sys019-utt133.wav,3.394265894066332
sys007,utt248,wav/vmc2026-track3-sys007-utt248.wav,wav/vmc2026-track3-sys019-utt247.wav,4.251577859714504
sys006,utt048,wav/vmc2026-track3-sys006-utt048.wav,wav/vmc2026-track3-sys019-utt047.wav,4.73252121321259
sys010,utt276,wav/vmc2026-track3-sys010-utt276.wav,wav/vmc2026-track3-sys019-utt275.wav,4.07074621114522
sys026,utt158,wav/vmc2026-track3-sys026-utt158.wav,wav/vmc2026-track3-sys019-utt157.wav,4.205883347906053
sys016,utt232,wav/vmc2026-track3-sys016-utt232.wav,wav/vmc2026-track3-sys019-utt231.wav,3.9967946329609756
sys016,utt008,wav/vmc2026-track3-sys016-utt008.wav,wav/vmc2026-track3-sys019-utt007.wav,3.7822950708557155
sys009,utt028,wav/vmc2026-track3-sys009-utt028.wav,wav/vmc2026-track3-sys019-utt027.wav,4.565750859327333
sys009,utt046,wav/vmc2026-track3-sys009-utt046.wav,wav/vmc2026-track3-sys019-utt045.wav,4.3555884150967445
sys002,utt016,wav/vmc2026-track3-sys002-utt016.wav,wav/vmc2026-track3-sys019-utt015.wav,3.8359781883470307
sys012,utt082,wav/vmc2026-track3-sys012-utt082.wav,wav/vmc2026-track3-sys019-utt081.wav,4.0093725085713
sys006,utt124,wav/vmc2026-track3-sys006-utt124.wav,wav/vmc2026-track3-sys019-utt123.wav,4.367653885693459
sys026,utt272,wav/vmc2026-track3-sys026-utt272.wav,wav/vmc2026-track3-sys019-utt271.wav,3.9258733621085167
sys002,utt268,wav/vmc2026-track3-sys002-utt268.wav,wav/vmc2026-track3-sys019-utt267.wav,4.164693484208918
sys009,utt110,wav/vmc2026-track3-sys009-utt110.wav,wav/vmc2026-track3-sys019-utt109.wav,4.583494336849673
sys008,utt320,wav/vmc2026-track3-sys008-utt320.wav,wav/vmc2026-track3-sys019-utt319.wav,4.332632920273868
sys010,utt124,wav/vmc2026-track3-sys010-utt124.wav,wav/vmc2026-track3-sys019-utt123.wav,3.7771803495449996
sys005,utt130,wav/vmc2026-track3-sys005-utt130.wav,wav/vmc2026-track3-sys019-utt129.wav,3.839201023238543
sys010,utt206,wav/vmc2026-track3-sys010-utt206.wav,wav/vmc2026-track3-sys019-utt205.wav,3.9825846181741738
sys001,utt298,wav/vmc2026-track3-sys001-utt298.wav,wav/vmc2026-track3-sys019-utt297.wav,4.316574285532147
sys005,utt110,wav/vmc2026-track3-sys005-utt110.wav,wav/vmc2026-track3-sys019-utt109.wav,3.8644164080282106
sys001,utt194,wav/vmc2026-track3-sys001-utt194.wav,wav/vmc2026-track3-sys019-utt193.wav,4.53140061138418
sys023,utt010,wav/vmc2026-track3-sys023-utt010.wav,wav/vmc2026-track3-sys019-utt009.wav,4.230600040101086
sys018,utt246,wav/vmc2026-track3-sys018-utt246.wav,wav/vmc2026-track3-sys019-utt245.wav,4.017331664743034
sys013,utt298,wav/vmc2026-track3-sys013-utt298.wav,wav/vmc2026-track3-sys019-utt297.wav,4.178514225831334
sys002,utt224,wav/vmc2026-track3-sys002-utt224.wav,wav/vmc2026-track3-sys019-utt223.wav,4.515476236570935
sys016,utt270,wav/vmc2026-track3-sys016-utt270.wav,wav/vmc2026-track3-sys019-utt269.wav,4.214927373363212
sys016,utt026,wav/vmc2026-track3-sys016-utt026.wav,wav/vmc2026-track3-sys019-utt025.wav,3.5977190658314644
sys023,utt128,wav/vmc2026-track3-sys023-utt128.wav,wav/vmc2026-track3-sys019-utt127.wav,3.9960065620805056
sys010,utt142,wav/vmc2026-track3-sys010-utt142.wav,wav/vmc2026-track3-sys019-utt141.wav,3.363676945943504
sys009,utt192,wav/vmc2026-track3-sys009-utt192.wav,wav/vmc2026-track3-sys019-utt191.wav,4.486813439775668
sys016,utt220,wav/vmc2026-track3-sys016-utt220.wav,wav/vmc2026-track3-sys019-utt219.wav,4.011314913521635
sys014,utt072,wav/vmc2026-track3-sys014-utt072.wav,wav/vmc2026-track3-sys019-utt071.wav,4.396812812850326
sys014,utt312,wav/vmc2026-track3-sys014-utt312.wav,wav/vmc2026-track3-sys019-utt311.wav,4.223638371180638
sys013,utt014,wav/vmc2026-track3-sys013-utt014.wav,wav/vmc2026-track3-sys019-utt013.wav,4.128499371429767
sys006,utt320,wav/vmc2026-track3-sys006-utt320.wav,wav/vmc2026-track3-sys019-utt319.wav,4.386478228395383
sys011,utt078,wav/vmc2026-track3-sys011-utt078.wav,wav/vmc2026-track3-sys019-utt077.wav,4.44826240186461
sys017,utt236,wav/vmc2026-track3-sys017-utt236.wav,wav/vmc2026-track3-sys019-utt235.wav,4.0094445706994835
sys011,utt152,wav/vmc2026-track3-sys011-utt152.wav,wav/vmc2026-track3-sys019-utt151.wav,4.324445801258294
sys016,utt140,wav/vmc2026-track3-sys016-utt140.wav,wav/vmc2026-track3-sys019-utt139.wav,3.3806772833815586
sys017,utt178,wav/vmc2026-track3-sys017-utt178.wav,wav/vmc2026-track3-sys019-utt177.wav,3.9243386343356583
sys017,utt224,wav/vmc2026-track3-sys017-utt224.wav,wav/vmc2026-track3-sys019-utt223.wav,4.203734169870462
sys018,utt292,wav/vmc2026-track3-sys018-utt292.wav,wav/vmc2026-track3-sys019-utt291.wav,3.9873114822406297
sys022,utt148,wav/vmc2026-track3-sys022-utt148.wav,wav/vmc2026-track3-sys019-utt147.wav,3.5989492575131035
sys025,utt038,wav/vmc2026-track3-sys025-utt038.wav,wav/vmc2026-track3-sys019-utt037.wav,3.929695108493107
sys026,utt278,wav/vmc2026-track3-sys026-utt278.wav,wav/vmc2026-track3-sys019-utt277.wav,3.9898979255619342
sys005,utt080,wav/vmc2026-track3-sys005-utt080.wav,wav/vmc2026-track3-sys019-utt079.wav,3.7336198657670945
sys008,utt172,wav/vmc2026-track3-sys008-utt172.wav,wav/vmc2026-track3-sys019-utt171.wav,4.1463613643572454
sys014,utt156,wav/vmc2026-track3-sys014-utt156.wav,wav/vmc2026-track3-sys019-utt155.wav,4.730795521360969
sys012,utt230,wav/vmc2026-track3-sys012-utt230.wav,wav/vmc2026-track3-sys019-utt229.wav,4.333549308848113
sys007,utt106,wav/vmc2026-track3-sys007-utt106.wav,wav/vmc2026-track3-sys019-utt105.wav,4.225695773884611
sys025,utt036,wav/vmc2026-track3-sys025-utt036.wav,wav/vmc2026-track3-sys019-utt035.wav,3.5897837611392562
sys022,utt152,wav/vmc2026-track3-sys022-utt152.wav,wav/vmc2026-track3-sys019-utt151.wav,4.012778854278611
sys006,utt308,wav/vmc2026-track3-sys006-utt308.wav,wav/vmc2026-track3-sys019-utt307.wav,4.665938117272771
sys008,utt226,wav/vmc2026-track3-sys008-utt226.wav,wav/vmc2026-track3-sys019-utt225.wav,4.83091057471604
sys010,utt038,wav/vmc2026-track3-sys010-utt038.wav,wav/vmc2026-track3-sys019-utt037.wav,3.552936263608074
sys016,utt284,wav/vmc2026-track3-sys016-utt284.wav,wav/vmc2026-track3-sys019-utt283.wav,4.111930889156478
sys001,utt192,wav/vmc2026-track3-sys001-utt192.wav,wav/vmc2026-track3-sys019-utt191.wav,4.208803265620695
sys010,utt228,wav/vmc2026-track3-sys010-utt228.wav,wav/vmc2026-track3-sys019-utt227.wav,4.083557301824406
sys002,utt194,wav/vmc2026-track3-sys002-utt194.wav,wav/vmc2026-track3-sys019-utt193.wav,4.383440150687649
sys006,utt306,wav/vmc2026-track3-sys006-utt306.wav,wav/vmc2026-track3-sys019-utt305.wav,4.703979553620049
sys010,utt074,wav/vmc2026-track3-sys010-utt074.wav,wav/vmc2026-track3-sys019-utt073.wav,3.5983205952035933
sys016,utt288,wav/vmc2026-track3-sys016-utt288.wav,wav/vmc2026-track3-sys019-utt287.wav,4.189400261522034
sys005,utt074,wav/vmc2026-track3-sys005-utt074.wav,wav/vmc2026-track3-sys019-utt073.wav,3.669604035973129
sys007,utt038,wav/vmc2026-track3-sys007-utt038.wav,wav/vmc2026-track3-sys019-utt037.wav,3.7431240524968112
sys022,utt296,wav/vmc2026-track3-sys022-utt296.wav,wav/vmc2026-track3-sys019-utt295.wav,3.902549538370618
sys017,utt202,wav/vmc2026-track3-sys017-utt202.wav,wav/vmc2026-track3-sys019-utt201.wav,3.913895148028012
sys001,utt286,wav/vmc2026-track3-sys001-utt286.wav,wav/vmc2026-track3-sys019-utt285.wav,4.039003093362405
sys009,utt268,wav/vmc2026-track3-sys009-utt268.wav,wav/vmc2026-track3-sys019-utt267.wav,4.485075696871599
sys020,utt272,wav/vmc2026-track3-sys020-utt272.wav,wav/vmc2026-track3-sys019-utt271.wav,3.763890495623068
sys013,utt030,wav/vmc2026-track3-sys013-utt030.wav,wav/vmc2026-track3-sys019-utt029.wav,4.234014453990939
sys012,utt012,wav/vmc2026-track3-sys012-utt012.wav,wav/vmc2026-track3-sys019-utt011.wav,4.32768511338907
sys013,utt234,wav/vmc2026-track3-sys013-utt234.wav,wav/vmc2026-track3-sys019-utt233.wav,3.9378637165147987
sys011,utt076,wav/vmc2026-track3-sys011-utt076.wav,wav/vmc2026-track3-sys019-utt075.wav,4.324624055638755
sys017,utt080,wav/vmc2026-track3-sys017-utt080.wav,wav/vmc2026-track3-sys019-utt079.wav,3.599218748706204
sys001,utt080,wav/vmc2026-track3-sys001-utt080.wav,wav/vmc2026-track3-sys019-utt079.wav,4.016880434884281
sys008,utt176,wav/vmc2026-track3-sys008-utt176.wav,wav/vmc2026-track3-sys019-utt175.wav,3.928443024294488
sys009,utt182,wav/vmc2026-track3-sys009-utt182.wav,wav/vmc2026-track3-sys019-utt181.wav,4.304049589684914
sys012,utt046,wav/vmc2026-track3-sys012-utt046.wav,wav/vmc2026-track3-sys019-utt045.wav,4.241653700320482
sys002,utt158,wav/vmc2026-track3-sys002-utt158.wav,wav/vmc2026-track3-sys019-utt157.wav,4.527631773767227
sys009,utt250,wav/vmc2026-track3-sys009-utt250.wav,wav/vmc2026-track3-sys019-utt249.wav,4.72838604430573
sys008,utt298,wav/vmc2026-track3-sys008-utt298.wav,wav/vmc2026-track3-sys019-utt297.wav,4.5822223533838295
sys012,utt316,wav/vmc2026-track3-sys012-utt316.wav,wav/vmc2026-track3-sys019-utt315.wav,3.8967587142675395
sys023,utt142,wav/vmc2026-track3-sys023-utt142.wav,wav/vmc2026-track3-sys019-utt141.wav,3.7937001921644513
sys023,utt312,wav/vmc2026-track3-sys023-utt312.wav,wav/vmc2026-track3-sys019-utt311.wav,4.142637312177182
sys017,utt300,wav/vmc2026-track3-sys017-utt300.wav,wav/vmc2026-track3-sys019-utt299.wav,4.2962182591219955
sys002,utt122,wav/vmc2026-track3-sys002-utt122.wav,wav/vmc2026-track3-sys019-utt121.wav,3.930025813638637
sys012,utt036,wav/vmc2026-track3-sys012-utt036.wav,wav/vmc2026-track3-sys019-utt035.wav,3.827827682295582
sys022,utt036,wav/vmc2026-track3-sys022-utt036.wav,wav/vmc2026-track3-sys019-utt035.wav,3.477988619729851
sys010,utt014,wav/vmc2026-track3-sys010-utt014.wav,wav/vmc2026-track3-sys019-utt013.wav,3.7489623959981495
sys007,utt140,wav/vmc2026-track3-sys007-utt140.wav,wav/vmc2026-track3-sys019-utt139.wav,3.5246309450338917
sys001,utt304,wav/vmc2026-track3-sys001-utt304.wav,wav/vmc2026-track3-sys019-utt303.wav,4.201590147739101
sys005,utt160,wav/vmc2026-track3-sys005-utt160.wav,wav/vmc2026-track3-sys019-utt159.wav,4.059177052521977
sys014,utt030,wav/vmc2026-track3-sys014-utt030.wav,wav/vmc2026-track3-sys019-utt029.wav,4.557434523707534
sys022,utt066,wav/vmc2026-track3-sys022-utt066.wav,wav/vmc2026-track3-sys019-utt065.wav,4.012931751020102
sys026,utt040,wav/vmc2026-track3-sys026-utt040.wav,wav/vmc2026-track3-sys019-utt039.wav,3.3556304577928677
sys023,utt076,wav/vmc2026-track3-sys023-utt076.wav,wav/vmc2026-track3-sys019-utt075.wav,3.8827977640389686
sys024,utt046,wav/vmc2026-track3-sys024-utt046.wav,wav/vmc2026-track3-sys019-utt045.wav,4.154227269773636
sys016,utt194,wav/vmc2026-track3-sys016-utt194.wav,wav/vmc2026-track3-sys019-utt193.wav,4.104917688316405
sys011,utt212,wav/vmc2026-track3-sys011-utt212.wav,wav/vmc2026-track3-sys019-utt211.wav,4.2831732803453
sys009,utt030,wav/vmc2026-track3-sys009-utt030.wav,wav/vmc2026-track3-sys019-utt029.wav,4.372749323233417
sys002,utt088,wav/vmc2026-track3-sys002-utt088.wav,wav/vmc2026-track3-sys019-utt087.wav,3.6627228419748077
sys013,utt006,wav/vmc2026-track3-sys013-utt006.wav,wav/vmc2026-track3-sys019-utt005.wav,3.9814448635383863
sys013,utt034,wav/vmc2026-track3-sys013-utt034.wav,wav/vmc2026-track3-sys019-utt033.wav,3.8105105921759153
sys016,utt276,wav/vmc2026-track3-sys016-utt276.wav,wav/vmc2026-track3-sys019-utt275.wav,3.975777472981959
sys001,utt018,wav/vmc2026-track3-sys001-utt018.wav,wav/vmc2026-track3-sys019-utt017.wav,4.341417932562894
sys005,utt184,wav/vmc2026-track3-sys005-utt184.wav,wav/vmc2026-track3-sys019-utt183.wav,3.8171565920990727
sys013,utt036,wav/vmc2026-track3-sys013-utt036.wav,wav/vmc2026-track3-sys019-utt035.wav,3.5920801060893672
sys026,utt282,wav/vmc2026-track3-sys026-utt282.wav,wav/vmc2026-track3-sys019-utt281.wav,3.7796219547564185
sys018,utt300,wav/vmc2026-track3-sys018-utt300.wav,wav/vmc2026-track3-sys019-utt299.wav,3.9183398680794452
sys005,utt294,wav/vmc2026-track3-sys005-utt294.wav,wav/vmc2026-track3-sys019-utt293.wav,3.719597316743026
sys012,utt078,wav/vmc2026-track3-sys012-utt078.wav,wav/vmc2026-track3-sys019-utt077.wav,4.202650302308564
sys001,utt294,wav/vmc2026-track3-sys001-utt294.wav,wav/vmc2026-track3-sys019-utt293.wav,4.271155148409592
sys018,utt184,wav/vmc2026-track3-sys018-utt184.wav,wav/vmc2026-track3-sys019-utt183.wav,3.7191398335058006
sys014,utt282,wav/vmc2026-track3-sys014-utt282.wav,wav/vmc2026-track3-sys019-utt281.wav,4.16761165280037
sys014,utt218,wav/vmc2026-track3-sys014-utt218.wav,wav/vmc2026-track3-sys019-utt217.wav,4.956262861479788
sys017,utt086,wav/vmc2026-track3-sys017-utt086.wav,wav/vmc2026-track3-sys019-utt085.wav,3.7507059225055017
sys014,utt132,wav/vmc2026-track3-sys014-utt132.wav,wav/vmc2026-track3-sys019-utt131.wav,4.056067691251174
sys011,utt002,wav/vmc2026-track3-sys011-utt002.wav,wav/vmc2026-track3-sys019-utt001.wav,4.5112612260746285
sys012,utt010,wav/vmc2026-track3-sys012-utt010.wav,wav/vmc2026-track3-sys019-utt009.wav,4.317587759538062
sys010,utt120,wav/vmc2026-track3-sys010-utt120.wav,wav/vmc2026-track3-sys019-utt119.wav,3.459179418264103
sys013,utt278,wav/vmc2026-track3-sys013-utt278.wav,wav/vmc2026-track3-sys019-utt277.wav,4.064032072797291
sys022,utt194,wav/vmc2026-track3-sys022-utt194.wav,wav/vmc2026-track3-sys019-utt193.wav,4.2264834464897385
sys025,utt310,wav/vmc2026-track3-sys025-utt310.wav,wav/vmc2026-track3-sys019-utt309.wav,4.2878559565960535
sys014,utt104,wav/vmc2026-track3-sys014-utt104.wav,wav/vmc2026-track3-sys019-utt103.wav,4.667780253116673
sys007,utt028,wav/vmc2026-track3-sys007-utt028.wav,wav/vmc2026-track3-sys019-utt027.wav,3.8389587243735313
sys011,utt150,wav/vmc2026-track3-sys011-utt150.wav,wav/vmc2026-track3-sys019-utt149.wav,4.25416738156262
sys010,utt192,wav/vmc2026-track3-sys010-utt192.wav,wav/vmc2026-track3-sys019-utt191.wav,4.149666574228808
sys006,utt084,wav/vmc2026-track3-sys006-utt084.wav,wav/vmc2026-track3-sys019-utt083.wav,4.498787740964022
sys017,utt130,wav/vmc2026-track3-sys017-utt130.wav,wav/vmc2026-track3-sys019-utt129.wav,4.203323860612844
sys009,utt106,wav/vmc2026-track3-sys009-utt106.wav,wav/vmc2026-track3-sys019-utt105.wav,4.166109068702102
sys010,utt128,wav/vmc2026-track3-sys010-utt128.wav,wav/vmc2026-track3-sys019-utt127.wav,3.65026020083355
sys007,utt026,wav/vmc2026-track3-sys007-utt026.wav,wav/vmc2026-track3-sys019-utt025.wav,4.072781480670441
sys005,utt046,wav/vmc2026-track3-sys005-utt046.wav,wav/vmc2026-track3-sys019-utt045.wav,4.015787199713061
sys002,utt126,wav/vmc2026-track3-sys002-utt126.wav,wav/vmc2026-track3-sys019-utt125.wav,4.251256482171263
sys026,utt042,wav/vmc2026-track3-sys026-utt042.wav,wav/vmc2026-track3-sys019-utt041.wav,4.146772478184503
sys009,utt292,wav/vmc2026-track3-sys009-utt292.wav,wav/vmc2026-track3-sys019-utt291.wav,4.814007913335674
sys020,utt212,wav/vmc2026-track3-sys020-utt212.wav,wav/vmc2026-track3-sys019-utt211.wav,3.383287714248382
sys009,utt034,wav/vmc2026-track3-sys009-utt034.wav,wav/vmc2026-track3-sys019-utt033.wav,3.8739035296563675
sys008,utt068,wav/vmc2026-track3-sys008-utt068.wav,wav/vmc2026-track3-sys019-utt067.wav,4.338318692741952
sys008,utt112,wav/vmc2026-track3-sys008-utt112.wav,wav/vmc2026-track3-sys019-utt111.wav,3.9762933761108465
sys008,utt062,wav/vmc2026-track3-sys008-utt062.wav,wav/vmc2026-track3-sys019-utt061.wav,4.2166414100126195
sys005,utt244,wav/vmc2026-track3-sys005-utt244.wav,wav/vmc2026-track3-sys019-utt243.wav,3.739135347626597
sys013,utt044,wav/vmc2026-track3-sys013-utt044.wav,wav/vmc2026-track3-sys019-utt043.wav,3.847992172979455
sys007,utt286,wav/vmc2026-track3-sys007-utt286.wav,wav/vmc2026-track3-sys019-utt285.wav,3.8185139308197793
sys005,utt276,wav/vmc2026-track3-sys005-utt276.wav,wav/vmc2026-track3-sys019-utt275.wav,3.672393756540926
sys006,utt276,wav/vmc2026-track3-sys006-utt276.wav,wav/vmc2026-track3-sys019-utt275.wav,4.515167305160311
sys018,utt316,wav/vmc2026-track3-sys018-utt316.wav,wav/vmc2026-track3-sys019-utt315.wav,3.7867804646246905
sys009,utt108,wav/vmc2026-track3-sys009-utt108.wav,wav/vmc2026-track3-sys019-utt107.wav,4.1116200735712205
sys009,utt218,wav/vmc2026-track3-sys009-utt218.wav,wav/vmc2026-track3-sys019-utt217.wav,4.724130687114221
sys018,utt232,wav/vmc2026-track3-sys018-utt232.wav,wav/vmc2026-track3-sys019-utt231.wav,3.6435333827161784
sys018,utt282,wav/vmc2026-track3-sys018-utt282.wav,wav/vmc2026-track3-sys019-utt281.wav,3.8965840627860975
sys025,utt152,wav/vmc2026-track3-sys025-utt152.wav,wav/vmc2026-track3-sys019-utt151.wav,4.116252407290489
sys006,utt010,wav/vmc2026-track3-sys006-utt010.wav,wav/vmc2026-track3-sys019-utt009.wav,4.340699296243762
sys024,utt016,wav/vmc2026-track3-sys024-utt016.wav,wav/vmc2026-track3-sys019-utt015.wav,4.050499796981604
sys009,utt064,wav/vmc2026-track3-sys009-utt064.wav,wav/vmc2026-track3-sys019-utt063.wav,3.8663477729812525
sys020,utt020,wav/vmc2026-track3-sys020-utt020.wav,wav/vmc2026-track3-sys019-utt019.wav,3.847956930615396
sys025,utt284,wav/vmc2026-track3-sys025-utt284.wav,wav/vmc2026-track3-sys019-utt283.wav,3.7974037871457487
sys016,utt238,wav/vmc2026-track3-sys016-utt238.wav,wav/vmc2026-track3-sys019-utt237.wav,3.9715994239512478
sys023,utt200,wav/vmc2026-track3-sys023-utt200.wav,wav/vmc2026-track3-sys019-utt199.wav,4.652128046106391
sys024,utt116,wav/vmc2026-track3-sys024-utt116.wav,wav/vmc2026-track3-sys019-utt115.wav,3.5325459445198373
sys025,utt272,wav/vmc2026-track3-sys025-utt272.wav,wav/vmc2026-track3-sys019-utt271.wav,3.8204690196306688
sys001,utt242,wav/vmc2026-track3-sys001-utt242.wav,wav/vmc2026-track3-sys019-utt241.wav,4.147122710754623
sys020,utt220,wav/vmc2026-track3-sys020-utt220.wav,wav/vmc2026-track3-sys019-utt219.wav,3.6717358363846593
sys011,utt138,wav/vmc2026-track3-sys011-utt138.wav,wav/vmc2026-track3-sys019-utt137.wav,4.349528791953011
sys018,utt276,wav/vmc2026-track3-sys018-utt276.wav,wav/vmc2026-track3-sys019-utt275.wav,3.9871032310654253
sys014,utt234,wav/vmc2026-track3-sys014-utt234.wav,wav/vmc2026-track3-sys019-utt233.wav,4.208678419268861
sys018,utt158,wav/vmc2026-track3-sys018-utt158.wav,wav/vmc2026-track3-sys019-utt157.wav,4.432401367200634
sys012,utt204,wav/vmc2026-track3-sys012-utt204.wav,wav/vmc2026-track3-sys019-utt203.wav,3.6977426905287722
sys014,utt264,wav/vmc2026-track3-sys014-utt264.wav,wav/vmc2026-track3-sys019-utt263.wav,4.444649268686764
sys007,utt124,wav/vmc2026-track3-sys007-utt124.wav,wav/vmc2026-track3-sys019-utt123.wav,3.9950512739040835
sys007,utt160,wav/vmc2026-track3-sys007-utt160.wav,wav/vmc2026-track3-sys019-utt159.wav,4.1076788938035165
sys024,utt152,wav/vmc2026-track3-sys024-utt152.wav,wav/vmc2026-track3-sys019-utt151.wav,4.234562658573015
sys025,utt064,wav/vmc2026-track3-sys025-utt064.wav,wav/vmc2026-track3-sys019-utt063.wav,3.5168439128516202
sys024,utt080,wav/vmc2026-track3-sys024-utt080.wav,wav/vmc2026-track3-sys019-utt079.wav,3.638922704366199
sys018,utt208,wav/vmc2026-track3-sys018-utt208.wav,wav/vmc2026-track3-sys019-utt207.wav,4.117006394621201
sys026,utt250,wav/vmc2026-track3-sys026-utt250.wav,wav/vmc2026-track3-sys019-utt249.wav,4.090405775253427
sys014,utt022,wav/vmc2026-track3-sys014-utt022.wav,wav/vmc2026-track3-sys019-utt021.wav,4.512487154370023
sys001,utt122,wav/vmc2026-track3-sys001-utt122.wav,wav/vmc2026-track3-sys019-utt121.wav,3.9863935125494296
sys012,utt112,wav/vmc2026-track3-sys012-utt112.wav,wav/vmc2026-track3-sys019-utt111.wav,3.85825003976369
sys013,utt246,wav/vmc2026-track3-sys013-utt246.wav,wav/vmc2026-track3-sys019-utt245.wav,3.947228657066672
sys016,utt198,wav/vmc2026-track3-sys016-utt198.wav,wav/vmc2026-track3-sys019-utt197.wav,4.15483332816681
sys006,utt316,wav/vmc2026-track3-sys006-utt316.wav,wav/vmc2026-track3-sys019-utt315.wav,4.260476972643166
sys017,utt302,wav/vmc2026-track3-sys017-utt302.wav,wav/vmc2026-track3-sys019-utt301.wav,4.298974067461608
sys007,utt016,wav/vmc2026-track3-sys007-utt016.wav,wav/vmc2026-track3-sys019-utt015.wav,4.104916621044002
sys001,utt158,wav/vmc2026-track3-sys001-utt158.wav,wav/vmc2026-track3-sys019-utt157.wav,4.423436329899711
sys024,utt070,wav/vmc2026-track3-sys024-utt070.wav,wav/vmc2026-track3-sys019-utt069.wav,3.9749523655002377
sys002,utt238,wav/vmc2026-track3-sys002-utt238.wav,wav/vmc2026-track3-sys019-utt237.wav,4.174930168874863
sys005,utt304,wav/vmc2026-track3-sys005-utt304.wav,wav/vmc2026-track3-sys019-utt303.wav,3.610964592920242
sys023,utt090,wav/vmc2026-track3-sys023-utt090.wav,wav/vmc2026-track3-sys019-utt089.wav,3.825970710003042
sys007,utt048,wav/vmc2026-track3-sys007-utt048.wav,wav/vmc2026-track3-sys019-utt047.wav,4.161953064115665
sys022,utt294,wav/vmc2026-track3-sys022-utt294.wav,wav/vmc2026-track3-sys019-utt293.wav,3.594480980318748
sys026,utt230,wav/vmc2026-track3-sys026-utt230.wav,wav/vmc2026-track3-sys019-utt229.wav,4.162142633203354
sys024,utt248,wav/vmc2026-track3-sys024-utt248.wav,wav/vmc2026-track3-sys019-utt247.wav,4.388966785326722
sys006,utt218,wav/vmc2026-track3-sys006-utt218.wav,wav/vmc2026-track3-sys019-utt217.wav,4.80172358945606
sys006,utt234,wav/vmc2026-track3-sys006-utt234.wav,wav/vmc2026-track3-sys019-utt233.wav,4.1697221443434875
sys011,utt146,wav/vmc2026-track3-sys011-utt146.wav,wav/vmc2026-track3-sys019-utt145.wav,4.032364727177768
sys016,utt084,wav/vmc2026-track3-sys016-utt084.wav,wav/vmc2026-track3-sys019-utt083.wav,3.745399813228444
sys014,utt318,wav/vmc2026-track3-sys014-utt318.wav,wav/vmc2026-track3-sys019-utt317.wav,4.629132579337958
sys018,utt142,wav/vmc2026-track3-sys018-utt142.wav,wav/vmc2026-track3-sys019-utt141.wav,3.7752798640967864
sys014,utt298,wav/vmc2026-track3-sys014-utt298.wav,wav/vmc2026-track3-sys019-utt297.wav,4.666252114314542
sys017,utt176,wav/vmc2026-track3-sys017-utt176.wav,wav/vmc2026-track3-sys019-utt175.wav,3.7125470036606036
sys002,utt264,wav/vmc2026-track3-sys002-utt264.wav,wav/vmc2026-track3-sys019-utt263.wav,4.141571262486384
sys026,utt106,wav/vmc2026-track3-sys026-utt106.wav,wav/vmc2026-track3-sys019-utt105.wav,4.287118066105418
sys018,utt236,wav/vmc2026-track3-sys018-utt236.wav,wav/vmc2026-track3-sys019-utt235.wav,3.713716386395074
sys013,utt204,wav/vmc2026-track3-sys013-utt204.wav,wav/vmc2026-track3-sys019-utt203.wav,3.792626582082221
sys016,utt318,wav/vmc2026-track3-sys016-utt318.wav,wav/vmc2026-track3-sys019-utt317.wav,4.313031510382281
sys008,utt042,wav/vmc2026-track3-sys008-utt042.wav,wav/vmc2026-track3-sys019-utt041.wav,4.456483059912054
sys008,utt282,wav/vmc2026-track3-sys008-utt282.wav,wav/vmc2026-track3-sys019-utt281.wav,4.2998267267585835
sys012,utt108,wav/vmc2026-track3-sys012-utt108.wav,wav/vmc2026-track3-sys019-utt107.wav,3.8453313304618115
sys001,utt314,wav/vmc2026-track3-sys001-utt314.wav,wav/vmc2026-track3-sys019-utt313.wav,3.7679021419059637
sys018,utt050,wav/vmc2026-track3-sys018-utt050.wav,wav/vmc2026-track3-sys019-utt049.wav,4.104565542948759
sys017,utt146,wav/vmc2026-track3-sys017-utt146.wav,wav/vmc2026-track3-sys019-utt145.wav,3.581063273428367
sys012,utt120,wav/vmc2026-track3-sys012-utt120.wav,wav/vmc2026-track3-sys019-utt119.wav,3.7291027392596314
sys008,utt124,wav/vmc2026-track3-sys008-utt124.wav,wav/vmc2026-track3-sys019-utt123.wav,4.296574662442559
sys007,utt182,wav/vmc2026-track3-sys007-utt182.wav,wav/vmc2026-track3-sys019-utt181.wav,4.151981760547137
sys008,utt046,wav/vmc2026-track3-sys008-utt046.wav,wav/vmc2026-track3-sys019-utt045.wav,4.5455264341101085
sys001,utt142,wav/vmc2026-track3-sys001-utt142.wav,wav/vmc2026-track3-sys019-utt141.wav,4.192969844450883
sys026,utt016,wav/vmc2026-track3-sys026-utt016.wav,wav/vmc2026-track3-sys019-utt015.wav,3.734014775809697
sys014,utt270,wav/vmc2026-track3-sys014-utt270.wav,wav/vmc2026-track3-sys019-utt269.wav,4.5367705839416566
sys016,utt200,wav/vmc2026-track3-sys016-utt200.wav,wav/vmc2026-track3-sys019-utt199.wav,4.472174439800756
sys012,utt300,wav/vmc2026-track3-sys012-utt300.wav,wav/vmc2026-track3-sys019-utt299.wav,4.452324314990253
sys022,utt040,wav/vmc2026-track3-sys022-utt040.wav,wav/vmc2026-track3-sys019-utt039.wav,3.6049345774175707
sys026,utt036,wav/vmc2026-track3-sys026-utt036.wav,wav/vmc2026-track3-sys019-utt035.wav,3.321714717028741
sys010,utt024,wav/vmc2026-track3-sys010-utt024.wav,wav/vmc2026-track3-sys019-utt023.wav,3.720919541358598
sys012,utt040,wav/vmc2026-track3-sys012-utt040.wav,wav/vmc2026-track3-sys019-utt039.wav,3.5403819146331137
sys009,utt006,wav/vmc2026-track3-sys009-utt006.wav,wav/vmc2026-track3-sys019-utt005.wav,4.088443303539894
sys005,utt114,wav/vmc2026-track3-sys005-utt114.wav,wav/vmc2026-track3-sys019-utt113.wav,3.311075843250548
sys020,utt142,wav/vmc2026-track3-sys020-utt142.wav,wav/vmc2026-track3-sys019-utt141.wav,3.474168124362486
sys025,utt120,wav/vmc2026-track3-sys025-utt120.wav,wav/vmc2026-track3-sys019-utt119.wav,3.5302843636947037
sys016,utt110,wav/vmc2026-track3-sys016-utt110.wav,wav/vmc2026-track3-sys019-utt109.wav,3.9987360644091314
sys009,utt138,wav/vmc2026-track3-sys009-utt138.wav,wav/vmc2026-track3-sys019-utt137.wav,3.962224763739753
sys002,utt250,wav/vmc2026-track3-sys002-utt250.wav,wav/vmc2026-track3-sys019-utt249.wav,4.436543498935423
sys020,utt136,wav/vmc2026-track3-sys020-utt136.wav,wav/vmc2026-track3-sys019-utt135.wav,3.1956962759348064
sys002,utt202,wav/vmc2026-track3-sys002-utt202.wav,wav/vmc2026-track3-sys019-utt201.wav,3.8812714734422658
sys008,utt120,wav/vmc2026-track3-sys008-utt120.wav,wav/vmc2026-track3-sys019-utt119.wav,4.184701439447737
sys024,utt174,wav/vmc2026-track3-sys024-utt174.wav,wav/vmc2026-track3-sys019-utt173.wav,3.5449702834032797
sys002,utt006,wav/vmc2026-track3-sys002-utt006.wav,wav/vmc2026-track3-sys019-utt005.wav,4.120313231469426
sys002,utt008,wav/vmc2026-track3-sys002-utt008.wav,wav/vmc2026-track3-sys019-utt007.wav,4.53025305983689
sys012,utt294,wav/vmc2026-track3-sys012-utt294.wav,wav/vmc2026-track3-sys019-utt293.wav,4.301113689456058
sys001,utt106,wav/vmc2026-track3-sys001-utt106.wav,wav/vmc2026-track3-sys019-utt105.wav,4.163420213042928
sys020,utt010,wav/vmc2026-track3-sys020-utt010.wav,wav/vmc2026-track3-sys019-utt009.wav,4.082141797518018
sys018,utt284,wav/vmc2026-track3-sys018-utt284.wav,wav/vmc2026-track3-sys019-utt283.wav,3.480594086895251
sys018,utt196,wav/vmc2026-track3-sys018-utt196.wav,wav/vmc2026-track3-sys019-utt195.wav,4.159703056834772
sys018,utt048,wav/vmc2026-track3-sys018-utt048.wav,wav/vmc2026-track3-sys019-utt047.wav,4.139034531251379
sys024,utt140,wav/vmc2026-track3-sys024-utt140.wav,wav/vmc2026-track3-sys019-utt139.wav,3.696255329713001
sys001,utt250,wav/vmc2026-track3-sys001-utt250.wav,wav/vmc2026-track3-sys019-utt249.wav,4.683505939082687
sys013,utt084,wav/vmc2026-track3-sys013-utt084.wav,wav/vmc2026-track3-sys019-utt083.wav,3.819767295362259
sys020,utt118,wav/vmc2026-track3-sys020-utt118.wav,wav/vmc2026-track3-sys019-utt117.wav,3.4101775045551364
sys005,utt050,wav/vmc2026-track3-sys005-utt050.wav,wav/vmc2026-track3-sys019-utt049.wav,4.068822745406502
sys025,utt028,wav/vmc2026-track3-sys025-utt028.wav,wav/vmc2026-track3-sys019-utt027.wav,4.033304713158182
sys022,utt310,wav/vmc2026-track3-sys022-utt310.wav,wav/vmc2026-track3-sys019-utt309.wav,3.861157948180035
sys025,utt090,wav/vmc2026-track3-sys025-utt090.wav,wav/vmc2026-track3-sys019-utt089.wav,3.9105213425563403
sys023,utt024,wav/vmc2026-track3-sys023-utt024.wav,wav/vmc2026-track3-sys019-utt023.wav,4.193571377189231
sys009,utt272,wav/vmc2026-track3-sys009-utt272.wav,wav/vmc2026-track3-sys019-utt271.wav,4.211305601144564
sys005,utt024,wav/vmc2026-track3-sys005-utt024.wav,wav/vmc2026-track3-sys019-utt023.wav,3.5458774017862327
sys023,utt146,wav/vmc2026-track3-sys023-utt146.wav,wav/vmc2026-track3-sys019-utt145.wav,3.731276114445391
sys016,utt316,wav/vmc2026-track3-sys016-utt316.wav,wav/vmc2026-track3-sys019-utt315.wav,3.6641710145198503
sys025,utt106,wav/vmc2026-track3-sys025-utt106.wav,wav/vmc2026-track3-sys019-utt105.wav,3.954261480102589
sys026,utt154,wav/vmc2026-track3-sys026-utt154.wav,wav/vmc2026-track3-sys019-utt153.wav,4.145536853988346
sys007,utt208,wav/vmc2026-track3-sys007-utt208.wav,wav/vmc2026-track3-sys019-utt207.wav,4.125997577192536
sys022,utt280,wav/vmc2026-track3-sys022-utt280.wav,wav/vmc2026-track3-sys019-utt279.wav,4.120058106937289
sys020,utt200,wav/vmc2026-track3-sys020-utt200.wav,wav/vmc2026-track3-sys019-utt199.wav,3.8275335776357604
sys026,utt226,wav/vmc2026-track3-sys026-utt226.wav,wav/vmc2026-track3-sys019-utt225.wav,4.120847034591227
sys020,utt234,wav/vmc2026-track3-sys020-utt234.wav,wav/vmc2026-track3-sys019-utt233.wav,3.8135974249296
sys022,utt126,wav/vmc2026-track3-sys022-utt126.wav,wav/vmc2026-track3-sys019-utt125.wav,3.9777135962692545
sys009,utt112,wav/vmc2026-track3-sys009-utt112.wav,wav/vmc2026-track3-sys019-utt111.wav,3.7117473650030695
sys006,utt126,wav/vmc2026-track3-sys006-utt126.wav,wav/vmc2026-track3-sys019-utt125.wav,4.672302942875373
sys012,utt156,wav/vmc2026-track3-sys012-utt156.wav,wav/vmc2026-track3-sys019-utt155.wav,3.991031714991803
sys018,utt174,wav/vmc2026-track3-sys018-utt174.wav,wav/vmc2026-track3-sys019-utt173.wav,3.001640726994526
sys009,utt126,wav/vmc2026-track3-sys009-utt126.wav,wav/vmc2026-track3-sys019-utt125.wav,4.3990469339746765
sys012,utt214,wav/vmc2026-track3-sys012-utt214.wav,wav/vmc2026-track3-sys019-utt213.wav,3.594240756994998
sys018,utt068,wav/vmc2026-track3-sys018-utt068.wav,wav/vmc2026-track3-sys019-utt067.wav,3.6375833727993063
sys007,utt114,wav/vmc2026-track3-sys007-utt114.wav,wav/vmc2026-track3-sys019-utt113.wav,3.458032379886206
sys011,utt194,wav/vmc2026-track3-sys011-utt194.wav,wav/vmc2026-track3-sys019-utt193.wav,4.579167645046304
sys009,utt242,wav/vmc2026-track3-sys009-utt242.wav,wav/vmc2026-track3-sys019-utt241.wav,4.517477692898869
sys006,utt018,wav/vmc2026-track3-sys006-utt018.wav,wav/vmc2026-track3-sys019-utt017.wav,4.592698670446552
sys011,utt048,wav/vmc2026-track3-sys011-utt048.wav,wav/vmc2026-track3-sys019-utt047.wav,4.653372436543242
sys012,utt206,wav/vmc2026-track3-sys012-utt206.wav,wav/vmc2026-track3-sys019-utt205.wav,4.040631760082799
sys016,utt156,wav/vmc2026-track3-sys016-utt156.wav,wav/vmc2026-track3-sys019-utt155.wav,4.299048032764835
sys018,utt228,wav/vmc2026-track3-sys018-utt228.wav,wav/vmc2026-track3-sys019-utt227.wav,4.001258716190762
sys002,utt292,wav/vmc2026-track3-sys002-utt292.wav,wav/vmc2026-track3-sys019-utt291.wav,4.409017500977857
sys024,utt084,wav/vmc2026-track3-sys024-utt084.wav,wav/vmc2026-track3-sys019-utt083.wav,3.673095049820781
sys002,utt272,wav/vmc2026-track3-sys002-utt272.wav,wav/vmc2026-track3-sys019-utt271.wav,4.442034787652683
sys001,utt112,wav/vmc2026-track3-sys001-utt112.wav,wav/vmc2026-track3-sys019-utt111.wav,3.9921691108861634
sys023,utt008,wav/vmc2026-track3-sys023-utt008.wav,wav/vmc2026-track3-sys019-utt007.wav,4.59411010693259
sys023,utt264,wav/vmc2026-track3-sys023-utt264.wav,wav/vmc2026-track3-sys019-utt263.wav,4.040639959688536
sys006,utt082,wav/vmc2026-track3-sys006-utt082.wav,wav/vmc2026-track3-sys019-utt081.wav,4.048716072547412
sys017,utt298,wav/vmc2026-track3-sys017-utt298.wav,wav/vmc2026-track3-sys019-utt297.wav,4.3881772020082925
sys005,utt126,wav/vmc2026-track3-sys005-utt126.wav,wav/vmc2026-track3-sys019-utt125.wav,3.8858216585908703
sys016,utt012,wav/vmc2026-track3-sys016-utt012.wav,wav/vmc2026-track3-sys019-utt011.wav,4.157316801206603
sys024,utt044,wav/vmc2026-track3-sys024-utt044.wav,wav/vmc2026-track3-sys019-utt043.wav,3.9919298936077885
sys014,utt038,wav/vmc2026-track3-sys014-utt038.wav,wav/vmc2026-track3-sys019-utt037.wav,4.249778638512578
sys010,utt102,wav/vmc2026-track3-sys010-utt102.wav,wav/vmc2026-track3-sys019-utt101.wav,4.082349915205154
sys010,utt048,wav/vmc2026-track3-sys010-utt048.wav,wav/vmc2026-track3-sys019-utt047.wav,4.058348726024951
sys012,utt074,wav/vmc2026-track3-sys012-utt074.wav,wav/vmc2026-track3-sys019-utt073.wav,4.003632153960024
sys011,utt086,wav/vmc2026-track3-sys011-utt086.wav,wav/vmc2026-track3-sys019-utt085.wav,4.077825498298368
sys024,utt288,wav/vmc2026-track3-sys024-utt288.wav,wav/vmc2026-track3-sys019-utt287.wav,3.9634895645994126
sys010,utt296,wav/vmc2026-track3-sys010-utt296.wav,wav/vmc2026-track3-sys019-utt295.wav,4.254972717907953
sys009,utt086,wav/vmc2026-track3-sys009-utt086.wav,wav/vmc2026-track3-sys019-utt085.wav,3.7119592940565935
sys026,utt290,wav/vmc2026-track3-sys026-utt290.wav,wav/vmc2026-track3-sys019-utt289.wav,3.8049809172920495
sys011,utt286,wav/vmc2026-track3-sys011-utt286.wav,wav/vmc2026-track3-sys019-utt285.wav,4.240474385927642
sys013,utt102,wav/vmc2026-track3-sys013-utt102.wav,wav/vmc2026-track3-sys019-utt101.wav,4.122915272821072
sys017,utt304,wav/vmc2026-track3-sys017-utt304.wav,wav/vmc2026-track3-sys019-utt303.wav,4.137342281647192
sys001,utt224,wav/vmc2026-track3-sys001-utt224.wav,wav/vmc2026-track3-sys019-utt223.wav,4.547118272380026
sys006,utt268,wav/vmc2026-track3-sys006-utt268.wav,wav/vmc2026-track3-sys019-utt267.wav,4.460640535757191
sys026,utt068,wav/vmc2026-track3-sys026-utt068.wav,wav/vmc2026-track3-sys019-utt067.wav,3.7191874520650137
sys008,utt010,wav/vmc2026-track3-sys008-utt010.wav,wav/vmc2026-track3-sys019-utt009.wav,4.483653625570423
sys024,utt158,wav/vmc2026-track3-sys024-utt158.wav,wav/vmc2026-track3-sys019-utt157.wav,4.605827716012004
sys012,utt196,wav/vmc2026-track3-sys012-utt196.wav,wav/vmc2026-track3-sys019-utt195.wav,3.6005767114630802
sys017,utt088,wav/vmc2026-track3-sys017-utt088.wav,wav/vmc2026-track3-sys019-utt087.wav,4.214248300226802
sys024,utt230,wav/vmc2026-track3-sys024-utt230.wav,wav/vmc2026-track3-sys019-utt229.wav,4.452195284757321
sys026,utt144,wav/vmc2026-track3-sys026-utt144.wav,wav/vmc2026-track3-sys019-utt143.wav,3.3075062100658177
sys018,utt138,wav/vmc2026-track3-sys018-utt138.wav,wav/vmc2026-track3-sys019-utt137.wav,3.8284000026723155
sys024,utt300,wav/vmc2026-track3-sys024-utt300.wav,wav/vmc2026-track3-sys019-utt299.wav,4.603805744640548
sys007,utt234,wav/vmc2026-track3-sys007-utt234.wav,wav/vmc2026-track3-sys019-utt233.wav,3.7023270818151977
sys024,utt038,wav/vmc2026-track3-sys024-utt038.wav,wav/vmc2026-track3-sys019-utt037.wav,3.4651289605021676
sys011,utt186,wav/vmc2026-track3-sys011-utt186.wav,wav/vmc2026-track3-sys019-utt185.wav,4.458607565972898
sys008,utt074,wav/vmc2026-track3-sys008-utt074.wav,wav/vmc2026-track3-sys019-utt073.wav,4.205718449902365
sys012,utt152,wav/vmc2026-track3-sys012-utt152.wav,wav/vmc2026-track3-sys019-utt151.wav,3.6031819471248974
sys022,utt150,wav/vmc2026-track3-sys022-utt150.wav,wav/vmc2026-track3-sys019-utt149.wav,3.3900288266291265
sys006,utt110,wav/vmc2026-track3-sys006-utt110.wav,wav/vmc2026-track3-sys019-utt109.wav,4.722669374669049
sys020,utt032,wav/vmc2026-track3-sys020-utt032.wav,wav/vmc2026-track3-sys019-utt031.wav,3.0386122368808555
sys024,utt172,wav/vmc2026-track3-sys024-utt172.wav,wav/vmc2026-track3-sys019-utt171.wav,3.5718511092190908
sys023,utt194,wav/vmc2026-track3-sys023-utt194.wav,wav/vmc2026-track3-sys019-utt193.wav,4.319236662319779
sys022,utt120,wav/vmc2026-track3-sys022-utt120.wav,wav/vmc2026-track3-sys019-utt119.wav,3.489393980031509
sys011,utt196,wav/vmc2026-track3-sys011-utt196.wav,wav/vmc2026-track3-sys019-utt195.wav,4.658224706916
sys011,utt288,wav/vmc2026-track3-sys011-utt288.wav,wav/vmc2026-track3-sys019-utt287.wav,4.206642308120877
sys013,utt302,wav/vmc2026-track3-sys013-utt302.wav,wav/vmc2026-track3-sys019-utt301.wav,3.8618819786835106
sys016,utt182,wav/vmc2026-track3-sys016-utt182.wav,wav/vmc2026-track3-sys019-utt181.wav,4.162493758726348
sys018,utt014,wav/vmc2026-track3-sys018-utt014.wav,wav/vmc2026-track3-sys019-utt013.wav,3.739706483779596
sys016,utt020,wav/vmc2026-track3-sys016-utt020.wav,wav/vmc2026-track3-sys019-utt019.wav,3.604056257655566
sys013,utt042,wav/vmc2026-track3-sys013-utt042.wav,wav/vmc2026-track3-sys019-utt041.wav,4.179362740048967
sys017,utt120,wav/vmc2026-track3-sys017-utt120.wav,wav/vmc2026-track3-sys019-utt119.wav,3.9404731409058478
sys013,utt274,wav/vmc2026-track3-sys013-utt274.wav,wav/vmc2026-track3-sys019-utt273.wav,4.393058509489307
sys007,utt090,wav/vmc2026-track3-sys007-utt090.wav,wav/vmc2026-track3-sys019-utt089.wav,3.3382110580506112
sys023,utt192,wav/vmc2026-track3-sys023-utt192.wav,wav/vmc2026-track3-sys019-utt191.wav,4.348453176709708
sys012,utt064,wav/vmc2026-track3-sys012-utt064.wav,wav/vmc2026-track3-sys019-utt063.wav,4.002254990972403
sys007,utt070,wav/vmc2026-track3-sys007-utt070.wav,wav/vmc2026-track3-sys019-utt069.wav,3.831878103987352
sys023,utt180,wav/vmc2026-track3-sys023-utt180.wav,wav/vmc2026-track3-sys019-utt179.wav,3.7857908023641755
sys013,utt104,wav/vmc2026-track3-sys013-utt104.wav,wav/vmc2026-track3-sys019-utt103.wav,4.389810773185284
sys002,utt284,wav/vmc2026-track3-sys002-utt284.wav,wav/vmc2026-track3-sys019-utt283.wav,4.130763468434656
sys006,utt130,wav/vmc2026-track3-sys006-utt130.wav,wav/vmc2026-track3-sys019-utt129.wav,4.473345103207238
sys001,utt144,wav/vmc2026-track3-sys001-utt144.wav,wav/vmc2026-track3-sys019-utt143.wav,3.859553414085901
sys007,utt304,wav/vmc2026-track3-sys007-utt304.wav,wav/vmc2026-track3-sys019-utt303.wav,3.8835360347107577
sys013,utt186,wav/vmc2026-track3-sys013-utt186.wav,wav/vmc2026-track3-sys019-utt185.wav,4.24894326823849
sys023,utt072,wav/vmc2026-track3-sys023-utt072.wav,wav/vmc2026-track3-sys019-utt071.wav,2.3730842053702688
sys025,utt076,wav/vmc2026-track3-sys025-utt076.wav,wav/vmc2026-track3-sys019-utt075.wav,4.081147246282224
sys011,utt158,wav/vmc2026-track3-sys011-utt158.wav,wav/vmc2026-track3-sys019-utt157.wav,4.497497098960326
sys014,utt128,wav/vmc2026-track3-sys014-utt128.wav,wav/vmc2026-track3-sys019-utt127.wav,4.466967274164855
sys005,utt028,wav/vmc2026-track3-sys005-utt028.wav,wav/vmc2026-track3-sys019-utt027.wav,4.029009880898278
sys017,utt078,wav/vmc2026-track3-sys017-utt078.wav,wav/vmc2026-track3-sys019-utt077.wav,4.427014037538652
sys010,utt208,wav/vmc2026-track3-sys010-utt208.wav,wav/vmc2026-track3-sys019-utt207.wav,3.7651890754771586
sys022,utt034,wav/vmc2026-track3-sys022-utt034.wav,wav/vmc2026-track3-sys019-utt033.wav,3.623966299104754
sys011,utt210,wav/vmc2026-track3-sys011-utt210.wav,wav/vmc2026-track3-sys019-utt209.wav,4.373594800748334
sys002,utt276,wav/vmc2026-track3-sys002-utt276.wav,wav/vmc2026-track3-sys019-utt275.wav,4.4274729349226325
sys010,utt234,wav/vmc2026-track3-sys010-utt234.wav,wav/vmc2026-track3-sys019-utt233.wav,3.8732294682989723
sys026,utt044,wav/vmc2026-track3-sys026-utt044.wav,wav/vmc2026-track3-sys019-utt043.wav,3.976764245793809
sys006,utt294,wav/vmc2026-track3-sys006-utt294.wav,wav/vmc2026-track3-sys019-utt293.wav,4.631323725493175
sys022,utt246,wav/vmc2026-track3-sys022-utt246.wav,wav/vmc2026-track3-sys019-utt245.wav,3.777898859087764
sys017,utt024,wav/vmc2026-track3-sys017-utt024.wav,wav/vmc2026-track3-sys019-utt023.wav,4.180609742991783
sys025,utt144,wav/vmc2026-track3-sys025-utt144.wav,wav/vmc2026-track3-sys019-utt143.wav,3.513747171271439
sys010,utt288,wav/vmc2026-track3-sys010-utt288.wav,wav/vmc2026-track3-sys019-utt287.wav,3.7284833039590937
sys005,utt038,wav/vmc2026-track3-sys005-utt038.wav,wav/vmc2026-track3-sys019-utt037.wav,3.776156813829487
sys012,utt142,wav/vmc2026-track3-sys012-utt142.wav,wav/vmc2026-track3-sys019-utt141.wav,3.1812168503459435
sys006,utt016,wav/vmc2026-track3-sys006-utt016.wav,wav/vmc2026-track3-sys019-utt015.wav,4.6515468207848265
sys013,utt174,wav/vmc2026-track3-sys013-utt174.wav,wav/vmc2026-track3-sys019-utt173.wav,3.480708138407378
sys008,utt184,wav/vmc2026-track3-sys008-utt184.wav,wav/vmc2026-track3-sys019-utt183.wav,4.349323938694156
sys011,utt278,wav/vmc2026-track3-sys011-utt278.wav,wav/vmc2026-track3-sys019-utt277.wav,4.323046445882753
sys020,utt028,wav/vmc2026-track3-sys020-utt028.wav,wav/vmc2026-track3-sys019-utt027.wav,3.8694623879843
sys018,utt106,wav/vmc2026-track3-sys018-utt106.wav,wav/vmc2026-track3-sys019-utt105.wav,4.277158573712179
sys026,utt288,wav/vmc2026-track3-sys026-utt288.wav,wav/vmc2026-track3-sys019-utt287.wav,3.838750139709453
sys009,utt306,wav/vmc2026-track3-sys009-utt306.wav,wav/vmc2026-track3-sys019-utt305.wav,4.575498729975049
sys014,utt112,wav/vmc2026-track3-sys014-utt112.wav,wav/vmc2026-track3-sys019-utt111.wav,4.11687143928749
sys014,utt036,wav/vmc2026-track3-sys014-utt036.wav,wav/vmc2026-track3-sys019-utt035.wav,3.9773008880070226
sys017,utt228,wav/vmc2026-track3-sys017-utt228.wav,wav/vmc2026-track3-sys019-utt227.wav,4.389250965352459
sys017,utt180,wav/vmc2026-track3-sys017-utt180.wav,wav/vmc2026-track3-sys019-utt179.wav,3.60650747325784
sys013,utt296,wav/vmc2026-track3-sys013-utt296.wav,wav/vmc2026-track3-sys019-utt295.wav,4.33368715517593
sys014,utt006,wav/vmc2026-track3-sys014-utt006.wav,wav/vmc2026-track3-sys019-utt005.wav,4.460094290025806
sys010,utt112,wav/vmc2026-track3-sys010-utt112.wav,wav/vmc2026-track3-sys019-utt111.wav,3.432261807137269
sys017,utt198,wav/vmc2026-track3-sys017-utt198.wav,wav/vmc2026-track3-sys019-utt197.wav,4.403470126659252
sys008,utt192,wav/vmc2026-track3-sys008-utt192.wav,wav/vmc2026-track3-sys019-utt191.wav,4.448888101055154
sys002,utt316,wav/vmc2026-track3-sys002-utt316.wav,wav/vmc2026-track3-sys019-utt315.wav,4.01414278284034
sys016,utt150,wav/vmc2026-track3-sys016-utt150.wav,wav/vmc2026-track3-sys019-utt149.wav,2.417891371377804
sys020,utt278,wav/vmc2026-track3-sys020-utt278.wav,wav/vmc2026-track3-sys019-utt277.wav,3.674260833501976
sys008,utt180,wav/vmc2026-track3-sys008-utt180.wav,wav/vmc2026-track3-sys019-utt179.wav,4.036975876137032
sys005,utt076,wav/vmc2026-track3-sys005-utt076.wav,wav/vmc2026-track3-sys019-utt075.wav,3.8880780376169355
sys001,utt008,wav/vmc2026-track3-sys001-utt008.wav,wav/vmc2026-track3-sys019-utt007.wav,4.3492566806170725
sys002,utt262,wav/vmc2026-track3-sys002-utt262.wav,wav/vmc2026-track3-sys019-utt261.wav,4.303603300979006
sys009,utt286,wav/vmc2026-track3-sys009-utt286.wav,wav/vmc2026-track3-sys019-utt285.wav,4.005303318159789
sys008,utt248,wav/vmc2026-track3-sys008-utt248.wav,wav/vmc2026-track3-sys019-utt247.wav,5.0
sys026,utt086,wav/vmc2026-track3-sys026-utt086.wav,wav/vmc2026-track3-sys019-utt085.wav,3.6579915175765887
sys006,utt004,wav/vmc2026-track3-sys006-utt004.wav,wav/vmc2026-track3-sys019-utt003.wav,4.535904540453052
sys008,utt222,wav/vmc2026-track3-sys008-utt222.wav,wav/vmc2026-track3-sys019-utt221.wav,4.522426824892803
sys011,utt142,wav/vmc2026-track3-sys011-utt142.wav,wav/vmc2026-track3-sys019-utt141.wav,4.0840139888409634
sys010,utt044,wav/vmc2026-track3-sys010-utt044.wav,wav/vmc2026-track3-sys019-utt043.wav,3.875027760078664
sys023,utt108,wav/vmc2026-track3-sys023-utt108.wav,wav/vmc2026-track3-sys019-utt107.wav,4.192570069187895
sys013,utt008,wav/vmc2026-track3-sys013-utt008.wav,wav/vmc2026-track3-sys019-utt007.wav,4.204836249130723
sys001,utt204,wav/vmc2026-track3-sys001-utt204.wav,wav/vmc2026-track3-sys019-utt203.wav,4.024678876599774
sys026,utt112,wav/vmc2026-track3-sys026-utt112.wav,wav/vmc2026-track3-sys019-utt111.wav,3.267427059141527
sys018,utt244,wav/vmc2026-track3-sys018-utt244.wav,wav/vmc2026-track3-sys019-utt243.wav,3.521431068826007
sys026,utt138,wav/vmc2026-track3-sys026-utt138.wav,wav/vmc2026-track3-sys019-utt137.wav,3.5680891279387175
sys024,utt320,wav/vmc2026-track3-sys024-utt320.wav,wav/vmc2026-track3-sys019-utt319.wav,3.962884680821012
sys013,utt220,wav/vmc2026-track3-sys013-utt220.wav,wav/vmc2026-track3-sys019-utt219.wav,4.231783821986407
sys006,utt204,wav/vmc2026-track3-sys006-utt204.wav,wav/vmc2026-track3-sys019-utt203.wav,4.267989870897327
sys013,utt200,wav/vmc2026-track3-sys013-utt200.wav,wav/vmc2026-track3-sys019-utt199.wav,4.45554574803246
sys016,utt160,wav/vmc2026-track3-sys016-utt160.wav,wav/vmc2026-track3-sys019-utt159.wav,4.2295701328238895
sys001,utt312,wav/vmc2026-track3-sys001-utt312.wav,wav/vmc2026-track3-sys019-utt311.wav,4.126272762226459
sys011,utt268,wav/vmc2026-track3-sys011-utt268.wav,wav/vmc2026-track3-sys019-utt267.wav,4.470798712049342
sys016,utt148,wav/vmc2026-track3-sys016-utt148.wav,wav/vmc2026-track3-sys019-utt147.wav,3.631836019370403
sys008,utt294,wav/vmc2026-track3-sys008-utt294.wav,wav/vmc2026-track3-sys019-utt293.wav,4.783789905050482
sys025,utt006,wav/vmc2026-track3-sys025-utt006.wav,wav/vmc2026-track3-sys019-utt005.wav,3.7488004722149575
sys012,utt110,wav/vmc2026-track3-sys012-utt110.wav,wav/vmc2026-track3-sys019-utt109.wav,3.949185760261959
sys012,utt150,wav/vmc2026-track3-sys012-utt150.wav,wav/vmc2026-track3-sys019-utt149.wav,1.9839926603109381
sys018,utt262,wav/vmc2026-track3-sys018-utt262.wav,wav/vmc2026-track3-sys019-utt261.wav,3.974226204242605
sys020,utt114,wav/vmc2026-track3-sys020-utt114.wav,wav/vmc2026-track3-sys019-utt113.wav,3.295475158375389
sys014,utt266,wav/vmc2026-track3-sys014-utt266.wav,wav/vmc2026-track3-sys019-utt265.wav,4.470330684944181
sys016,utt218,wav/vmc2026-track3-sys016-utt218.wav,wav/vmc2026-track3-sys019-utt217.wav,4.654191079062526
sys016,utt268,wav/vmc2026-track3-sys016-utt268.wav,wav/vmc2026-track3-sys019-utt267.wav,4.063280428509914
sys014,utt016,wav/vmc2026-track3-sys014-utt016.wav,wav/vmc2026-track3-sys019-utt015.wav,4.484420015799206
sys010,utt040,wav/vmc2026-track3-sys010-utt040.wav,wav/vmc2026-track3-sys019-utt039.wav,3.5125542766659246
sys002,utt286,wav/vmc2026-track3-sys002-utt286.wav,wav/vmc2026-track3-sys019-utt285.wav,3.9597148033169067
sys014,utt178,wav/vmc2026-track3-sys014-utt178.wav,wav/vmc2026-track3-sys019-utt177.wav,4.473818057641242
sys016,utt226,wav/vmc2026-track3-sys016-utt226.wav,wav/vmc2026-track3-sys019-utt225.wav,4.119765193412615
sys002,utt050,wav/vmc2026-track3-sys002-utt050.wav,wav/vmc2026-track3-sys019-utt049.wav,4.425745667889079
sys016,utt234,wav/vmc2026-track3-sys016-utt234.wav,wav/vmc2026-track3-sys019-utt233.wav,3.8465485906946926
sys008,utt128,wav/vmc2026-track3-sys008-utt128.wav,wav/vmc2026-track3-sys019-utt127.wav,4.522781071645182
sys008,utt130,wav/vmc2026-track3-sys008-utt130.wav,wav/vmc2026-track3-sys019-utt129.wav,4.570202037464276
sys008,utt318,wav/vmc2026-track3-sys008-utt318.wav,wav/vmc2026-track3-sys019-utt317.wav,4.4446478862003
sys017,utt064,wav/vmc2026-track3-sys017-utt064.wav,wav/vmc2026-track3-sys019-utt063.wav,3.6221790609162614
sys005,utt004,wav/vmc2026-track3-sys005-utt004.wav,wav/vmc2026-track3-sys019-utt003.wav,3.8075437088195327
sys002,utt206,wav/vmc2026-track3-sys002-utt206.wav,wav/vmc2026-track3-sys019-utt205.wav,4.079060460999075
sys023,utt230,wav/vmc2026-track3-sys023-utt230.wav,wav/vmc2026-track3-sys019-utt229.wav,4.37939548014108
sys017,utt126,wav/vmc2026-track3-sys017-utt126.wav,wav/vmc2026-track3-sys019-utt125.wav,4.466160889562107
sys001,utt030,wav/vmc2026-track3-sys001-utt030.wav,wav/vmc2026-track3-sys019-utt029.wav,4.331443192098951
sys009,utt316,wav/vmc2026-track3-sys009-utt316.wav,wav/vmc2026-track3-sys019-utt315.wav,4.111945854421914
sys008,utt126,wav/vmc2026-track3-sys008-utt126.wav,wav/vmc2026-track3-sys019-utt125.wav,4.6670425656028005
sys005,utt268,wav/vmc2026-track3-sys005-utt268.wav,wav/vmc2026-track3-sys019-utt267.wav,3.91835716454193
sys025,utt270,wav/vmc2026-track3-sys025-utt270.wav,wav/vmc2026-track3-sys019-utt269.wav,4.150413547072405
sys024,utt032,wav/vmc2026-track3-sys024-utt032.wav,wav/vmc2026-track3-sys019-utt031.wav,3.053802293196439
sys020,utt106,wav/vmc2026-track3-sys020-utt106.wav,wav/vmc2026-track3-sys019-utt105.wav,3.9393288788123075
sys001,utt280,wav/vmc2026-track3-sys001-utt280.wav,wav/vmc2026-track3-sys019-utt279.wav,4.448116738509825
sys016,utt296,wav/vmc2026-track3-sys016-utt296.wav,wav/vmc2026-track3-sys019-utt295.wav,4.307425977824192
sys007,utt278,wav/vmc2026-track3-sys007-utt278.wav,wav/vmc2026-track3-sys019-utt277.wav,4.10816204823905
sys017,utt104,wav/vmc2026-track3-sys017-utt104.wav,wav/vmc2026-track3-sys019-utt103.wav,4.614523505833412
sys025,utt320,wav/vmc2026-track3-sys025-utt320.wav,wav/vmc2026-track3-sys019-utt319.wav,4.021744598118299
sys002,utt282,wav/vmc2026-track3-sys002-utt282.wav,wav/vmc2026-track3-sys019-utt281.wav,4.0699796881599415
sys009,utt014,wav/vmc2026-track3-sys009-utt014.wav,wav/vmc2026-track3-sys019-utt013.wav,4.1366958605015345
sys006,utt116,wav/vmc2026-track3-sys006-utt116.wav,wav/vmc2026-track3-sys019-utt115.wav,3.942431889251969
sys025,utt224,wav/vmc2026-track3-sys025-utt224.wav,wav/vmc2026-track3-sys019-utt223.wav,4.0544167549461285
sys006,utt114,wav/vmc2026-track3-sys006-utt114.wav,wav/vmc2026-track3-sys019-utt113.wav,3.568396131986949
sys010,utt116,wav/vmc2026-track3-sys010-utt116.wav,wav/vmc2026-track3-sys019-utt115.wav,3.3836586371480815
sys017,utt128,wav/vmc2026-track3-sys017-utt128.wav,wav/vmc2026-track3-sys019-utt127.wav,4.2161339606264185
sys011,utt084,wav/vmc2026-track3-sys011-utt084.wav,wav/vmc2026-track3-sys019-utt083.wav,4.102394642507904
sys007,utt136,wav/vmc2026-track3-sys007-utt136.wav,wav/vmc2026-track3-sys019-utt135.wav,3.9594668420602006
sys006,utt040,wav/vmc2026-track3-sys006-utt040.wav,wav/vmc2026-track3-sys019-utt039.wav,4.230433524738613
sys002,utt130,wav/vmc2026-track3-sys002-utt130.wav,wav/vmc2026-track3-sys019-utt129.wav,4.343101896699913
sys022,utt320,wav/vmc2026-track3-sys022-utt320.wav,wav/vmc2026-track3-sys019-utt319.wav,3.456251437203299
sys014,utt200,wav/vmc2026-track3-sys014-utt200.wav,wav/vmc2026-track3-sys019-utt199.wav,4.973438293870858
sys011,utt006,wav/vmc2026-track3-sys011-utt006.wav,wav/vmc2026-track3-sys019-utt005.wav,4.2256850519302835
sys008,utt288,wav/vmc2026-track3-sys008-utt288.wav,wav/vmc2026-track3-sys019-utt287.wav,4.392286498869949
sys025,utt216,wav/vmc2026-track3-sys025-utt216.wav,wav/vmc2026-track3-sys019-utt215.wav,4.228122975923388
sys009,utt296,wav/vmc2026-track3-sys009-utt296.wav,wav/vmc2026-track3-sys019-utt295.wav,4.653311368544957
sys016,utt196,wav/vmc2026-track3-sys016-utt196.wav,wav/vmc2026-track3-sys019-utt195.wav,4.122101529595189
sys005,utt144,wav/vmc2026-track3-sys005-utt144.wav,wav/vmc2026-track3-sys019-utt143.wav,3.4457375460908417
sys022,utt002,wav/vmc2026-track3-sys022-utt002.wav,wav/vmc2026-track3-sys019-utt001.wav,3.8833684786614007
sys011,utt228,wav/vmc2026-track3-sys011-utt228.wav,wav/vmc2026-track3-sys019-utt227.wav,4.451806088083339
sys010,utt232,wav/vmc2026-track3-sys010-utt232.wav,wav/vmc2026-track3-sys019-utt231.wav,3.5416642113904273
sys008,utt086,wav/vmc2026-track3-sys008-utt086.wav,wav/vmc2026-track3-sys019-utt085.wav,4.657943691174756
sys011,utt180,wav/vmc2026-track3-sys011-utt180.wav,wav/vmc2026-track3-sys019-utt179.wav,3.9682941046685247
sys011,utt038,wav/vmc2026-track3-sys011-utt038.wav,wav/vmc2026-track3-sys019-utt037.wav,4.176714541505432
sys005,utt010,wav/vmc2026-track3-sys005-utt010.wav,wav/vmc2026-track3-sys019-utt009.wav,4.151336199800668
sys017,utt084,wav/vmc2026-track3-sys017-utt084.wav,wav/vmc2026-track3-sys019-utt083.wav,3.8643915341679804
sys014,utt290,wav/vmc2026-track3-sys014-utt290.wav,wav/vmc2026-track3-sys019-utt289.wav,4.403591470099048
sys023,utt026,wav/vmc2026-track3-sys023-utt026.wav,wav/vmc2026-track3-sys019-utt025.wav,4.241337094952332
sys005,utt148,wav/vmc2026-track3-sys005-utt148.wav,wav/vmc2026-track3-sys019-utt147.wav,3.365921412024659
sys013,utt116,wav/vmc2026-track3-sys013-utt116.wav,wav/vmc2026-track3-sys019-utt115.wav,3.7805688131582524
sys024,utt120,wav/vmc2026-track3-sys024-utt120.wav,wav/vmc2026-track3-sys019-utt119.wav,3.6261602915502973
sys014,utt154,wav/vmc2026-track3-sys014-utt154.wav,wav/vmc2026-track3-sys019-utt153.wav,4.823870071040346
sys008,utt088,wav/vmc2026-track3-sys008-utt088.wav,wav/vmc2026-track3-sys019-utt087.wav,4.350813337215126
sys006,utt312,wav/vmc2026-track3-sys006-utt312.wav,wav/vmc2026-track3-sys019-utt311.wav,4.328321233233903
sys002,utt220,wav/vmc2026-track3-sys002-utt220.wav,wav/vmc2026-track3-sys019-utt219.wav,4.243840851278026
sys006,utt286,wav/vmc2026-track3-sys006-utt286.wav,wav/vmc2026-track3-sys019-utt285.wav,4.230252505099121
sys025,utt142,wav/vmc2026-track3-sys025-utt142.wav,wav/vmc2026-track3-sys019-utt141.wav,3.839537800362861
sys025,utt278,wav/vmc2026-track3-sys025-utt278.wav,wav/vmc2026-track3-sys019-utt277.wav,4.0680116121372425
sys020,utt250,wav/vmc2026-track3-sys020-utt250.wav,wav/vmc2026-track3-sys019-utt249.wav,3.6964104900576364
sys002,utt128,wav/vmc2026-track3-sys002-utt128.wav,wav/vmc2026-track3-sys019-utt127.wav,4.0926037079353925
sys005,utt012,wav/vmc2026-track3-sys005-utt012.wav,wav/vmc2026-track3-sys019-utt011.wav,3.851803767624952
sys023,utt222,wav/vmc2026-track3-sys023-utt222.wav,wav/vmc2026-track3-sys019-utt221.wav,4.042820858300645
sys009,utt226,wav/vmc2026-track3-sys009-utt226.wav,wav/vmc2026-track3-sys019-utt225.wav,4.673159729484978
sys025,utt222,wav/vmc2026-track3-sys025-utt222.wav,wav/vmc2026-track3-sys019-utt221.wav,3.846720646787398
sys001,utt154,wav/vmc2026-track3-sys001-utt154.wav,wav/vmc2026-track3-sys019-utt153.wav,4.563124719328309
sys007,utt158,wav/vmc2026-track3-sys007-utt158.wav,wav/vmc2026-track3-sys019-utt157.wav,4.491463973363202
sys006,utt236,wav/vmc2026-track3-sys006-utt236.wav,wav/vmc2026-track3-sys019-utt235.wav,4.180983085102364
sys014,utt020,wav/vmc2026-track3-sys014-utt020.wav,wav/vmc2026-track3-sys019-utt019.wav,4.3566114238965445
sys005,utt314,wav/vmc2026-track3-sys005-utt314.wav,wav/vmc2026-track3-sys019-utt313.wav,3.50504623097824
sys022,utt042,wav/vmc2026-track3-sys022-utt042.wav,wav/vmc2026-track3-sys019-utt041.wav,4.344378233531293
sys025,utt312,wav/vmc2026-track3-sys025-utt312.wav,wav/vmc2026-track3-sys019-utt311.wav,3.8423819481364045
sys014,utt086,wav/vmc2026-track3-sys014-utt086.wav,wav/vmc2026-track3-sys019-utt085.wav,4.5193446679831695
sys020,utt024,wav/vmc2026-track3-sys020-utt024.wav,wav/vmc2026-track3-sys019-utt023.wav,3.4089340748665116
sys002,utt148,wav/vmc2026-track3-sys002-utt148.wav,wav/vmc2026-track3-sys019-utt147.wav,3.707328523835852
sys009,utt116,wav/vmc2026-track3-sys009-utt116.wav,wav/vmc2026-track3-sys019-utt115.wav,3.85573132692674
sys007,utt120,wav/vmc2026-track3-sys007-utt120.wav,wav/vmc2026-track3-sys019-utt119.wav,3.5028921908150545
sys007,utt274,wav/vmc2026-track3-sys007-utt274.wav,wav/vmc2026-track3-sys019-utt273.wav,4.257262512219116
sys008,utt072,wav/vmc2026-track3-sys008-utt072.wav,wav/vmc2026-track3-sys019-utt071.wav,4.150908891741098
sys005,utt264,wav/vmc2026-track3-sys005-utt264.wav,wav/vmc2026-track3-sys019-utt263.wav,3.762880474120725
sys011,utt118,wav/vmc2026-track3-sys011-utt118.wav,wav/vmc2026-track3-sys019-utt117.wav,4.067529627373236
sys023,utt210,wav/vmc2026-track3-sys023-utt210.wav,wav/vmc2026-track3-sys019-utt209.wav,3.878070376910663
sys009,utt038,wav/vmc2026-track3-sys009-utt038.wav,wav/vmc2026-track3-sys019-utt037.wav,3.9333088562680167
sys011,utt140,wav/vmc2026-track3-sys011-utt140.wav,wav/vmc2026-track3-sys019-utt139.wav,3.8443144337084734
sys016,utt044,wav/vmc2026-track3-sys016-utt044.wav,wav/vmc2026-track3-sys019-utt043.wav,3.9908938583750246
sys008,utt102,wav/vmc2026-track3-sys008-utt102.wav,wav/vmc2026-track3-sys019-utt101.wav,4.576956289167967
sys009,utt050,wav/vmc2026-track3-sys009-utt050.wav,wav/vmc2026-track3-sys019-utt049.wav,4.48616213386876
sys025,utt046,wav/vmc2026-track3-sys025-utt046.wav,wav/vmc2026-track3-sys019-utt045.wav,4.139029590296051
sys018,utt016,wav/vmc2026-track3-sys018-utt016.wav,wav/vmc2026-track3-sys019-utt015.wav,3.894176882674069
sys006,utt068,wav/vmc2026-track3-sys006-utt068.wav,wav/vmc2026-track3-sys019-utt067.wav,4.313203180396493
sys014,utt278,wav/vmc2026-track3-sys014-utt278.wav,wav/vmc2026-track3-sys019-utt277.wav,4.512877474447215
sys020,utt182,wav/vmc2026-track3-sys020-utt182.wav,wav/vmc2026-track3-sys019-utt181.wav,3.4270485925102374
sys017,utt136,wav/vmc2026-track3-sys017-utt136.wav,wav/vmc2026-track3-sys019-utt135.wav,4.0021511826237175
sys025,utt146,wav/vmc2026-track3-sys025-utt146.wav,wav/vmc2026-track3-sys019-utt145.wav,3.7911682038143617
sys002,utt152,wav/vmc2026-track3-sys002-utt152.wav,wav/vmc2026-track3-sys019-utt151.wav,4.243581224240002
sys014,utt182,wav/vmc2026-track3-sys014-utt182.wav,wav/vmc2026-track3-sys019-utt181.wav,4.424027383231501
sys002,utt180,wav/vmc2026-track3-sys002-utt180.wav,wav/vmc2026-track3-sys019-utt179.wav,3.7216675538944752
sys014,utt010,wav/vmc2026-track3-sys014-utt010.wav,wav/vmc2026-track3-sys019-utt009.wav,4.715904909717608
sys008,utt276,wav/vmc2026-track3-sys008-utt276.wav,wav/vmc2026-track3-sys019-utt275.wav,4.530130886358109
sys009,utt246,wav/vmc2026-track3-sys009-utt246.wav,wav/vmc2026-track3-sys019-utt245.wav,4.3883346828843734
sys026,utt176,wav/vmc2026-track3-sys026-utt176.wav,wav/vmc2026-track3-sys019-utt175.wav,3.5644979384462836
sys024,utt082,wav/vmc2026-track3-sys024-utt082.wav,wav/vmc2026-track3-sys019-utt081.wav,3.7180088328296206
sys011,utt028,wav/vmc2026-track3-sys011-utt028.wav,wav/vmc2026-track3-sys019-utt027.wav,4.4613772474875795
sys005,utt266,wav/vmc2026-track3-sys005-utt266.wav,wav/vmc2026-track3-sys019-utt265.wav,3.5360005178873055
sys013,utt288,wav/vmc2026-track3-sys013-utt288.wav,wav/vmc2026-track3-sys019-utt287.wav,4.044982284602447
sys024,utt298,wav/vmc2026-track3-sys024-utt298.wav,wav/vmc2026-track3-sys019-utt297.wav,4.126345580264402
sys007,utt266,wav/vmc2026-track3-sys007-utt266.wav,wav/vmc2026-track3-sys019-utt265.wav,4.195634332398889
sys024,utt278,wav/vmc2026-track3-sys024-utt278.wav,wav/vmc2026-track3-sys019-utt277.wav,4.105642411710346
sys014,utt238,wav/vmc2026-track3-sys014-utt238.wav,wav/vmc2026-track3-sys019-utt237.wav,4.514934106911746
sys008,utt232,wav/vmc2026-track3-sys008-utt232.wav,wav/vmc2026-track3-sys019-utt231.wav,4.121273637143719
sys001,utt196,wav/vmc2026-track3-sys001-utt196.wav,wav/vmc2026-track3-sys019-utt195.wav,4.220963716597477
sys020,utt268,wav/vmc2026-track3-sys020-utt268.wav,wav/vmc2026-track3-sys019-utt267.wav,3.5036855145015346
sys012,utt232,wav/vmc2026-track3-sys012-utt232.wav,wav/vmc2026-track3-sys019-utt231.wav,3.794803745078537
sys017,utt280,wav/vmc2026-track3-sys017-utt280.wav,wav/vmc2026-track3-sys019-utt279.wav,4.185354635589522
sys011,utt012,wav/vmc2026-track3-sys011-utt012.wav,wav/vmc2026-track3-sys019-utt011.wav,4.196406905561576
sys010,utt298,wav/vmc2026-track3-sys010-utt298.wav,wav/vmc2026-track3-sys019-utt297.wav,3.955119788483918
sys001,utt150,wav/vmc2026-track3-sys001-utt150.wav,wav/vmc2026-track3-sys019-utt149.wav,3.927551650264761
sys014,utt040,wav/vmc2026-track3-sys014-utt040.wav,wav/vmc2026-track3-sys019-utt039.wav,4.090283102797323
sys013,utt010,wav/vmc2026-track3-sys013-utt010.wav,wav/vmc2026-track3-sys019-utt009.wav,4.473632611825935
sys011,utt172,wav/vmc2026-track3-sys011-utt172.wav,wav/vmc2026-track3-sys019-utt171.wav,4.076165721826534
sys023,utt216,wav/vmc2026-track3-sys023-utt216.wav,wav/vmc2026-track3-sys019-utt215.wav,4.1271920145056376
sys008,utt266,wav/vmc2026-track3-sys008-utt266.wav,wav/vmc2026-track3-sys019-utt265.wav,4.226384680848699
sys008,utt006,wav/vmc2026-track3-sys008-utt006.wav,wav/vmc2026-track3-sys019-utt005.wav,4.42274362456144
sys023,utt152,wav/vmc2026-track3-sys023-utt152.wav,wav/vmc2026-track3-sys019-utt151.wav,4.042601054261661
sys016,utt224,wav/vmc2026-track3-sys016-utt224.wav,wav/vmc2026-track3-sys019-utt223.wav,3.657550933648128
sys023,utt132,wav/vmc2026-track3-sys023-utt132.wav,wav/vmc2026-track3-sys019-utt131.wav,3.3208103889305534
sys011,utt284,wav/vmc2026-track3-sys011-utt284.wav,wav/vmc2026-track3-sys019-utt283.wav,4.361329592981184
sys011,utt136,wav/vmc2026-track3-sys011-utt136.wav,wav/vmc2026-track3-sys019-utt135.wav,4.383975198556706
sys017,utt116,wav/vmc2026-track3-sys017-utt116.wav,wav/vmc2026-track3-sys019-utt115.wav,3.3829241163479336
sys007,utt080,wav/vmc2026-track3-sys007-utt080.wav,wav/vmc2026-track3-sys019-utt079.wav,3.88653240297256
sys026,utt200,wav/vmc2026-track3-sys026-utt200.wav,wav/vmc2026-track3-sys019-utt199.wav,4.1801785526249295
sys006,utt120,wav/vmc2026-track3-sys006-utt120.wav,wav/vmc2026-track3-sys019-utt119.wav,4.223638856953183
sys014,utt242,wav/vmc2026-track3-sys014-utt242.wav,wav/vmc2026-track3-sys019-utt241.wav,4.774935616115014
sys023,utt220,wav/vmc2026-track3-sys023-utt220.wav,wav/vmc2026-track3-sys019-utt219.wav,4.125888071480524
sys013,utt272,wav/vmc2026-track3-sys013-utt272.wav,wav/vmc2026-track3-sys019-utt271.wav,4.138136635319632
sys023,utt214,wav/vmc2026-track3-sys023-utt214.wav,wav/vmc2026-track3-sys019-utt213.wav,4.121359307603427
sys006,utt192,wav/vmc2026-track3-sys006-utt192.wav,wav/vmc2026-track3-sys019-utt191.wav,4.468953127955542
sys014,utt262,wav/vmc2026-track3-sys014-utt262.wav,wav/vmc2026-track3-sys019-utt261.wav,4.4146975442346275
sys005,utt070,wav/vmc2026-track3-sys005-utt070.wav,wav/vmc2026-track3-sys019-utt069.wav,3.5693912335808005
sys008,utt238,wav/vmc2026-track3-sys008-utt238.wav,wav/vmc2026-track3-sys019-utt237.wav,4.333702745751342
sys025,utt304,wav/vmc2026-track3-sys025-utt304.wav,wav/vmc2026-track3-sys019-utt303.wav,4.0779656888402185
sys016,utt086,wav/vmc2026-track3-sys016-utt086.wav,wav/vmc2026-track3-sys019-utt085.wav,3.5900289891585007
sys013,utt238,wav/vmc2026-track3-sys013-utt238.wav,wav/vmc2026-track3-sys019-utt237.wav,4.298442168949809
sys007,utt232,wav/vmc2026-track3-sys007-utt232.wav,wav/vmc2026-track3-sys019-utt231.wav,3.8961062089656497
sys010,utt174,wav/vmc2026-track3-sys010-utt174.wav,wav/vmc2026-track3-sys019-utt173.wav,3.5982206011958957
sys007,utt310,wav/vmc2026-track3-sys007-utt310.wav,wav/vmc2026-track3-sys019-utt309.wav,4.05048062130686
sys022,utt114,wav/vmc2026-track3-sys022-utt114.wav,wav/vmc2026-track3-sys019-utt113.wav,3.3759725658594073
sys025,utt176,wav/vmc2026-track3-sys025-utt176.wav,wav/vmc2026-track3-sys019-utt175.wav,3.5332768073370175
sys017,utt114,wav/vmc2026-track3-sys017-utt114.wav,wav/vmc2026-track3-sys019-utt113.wav,3.3886306075793144
sys009,utt278,wav/vmc2026-track3-sys009-utt278.wav,wav/vmc2026-track3-sys019-utt277.wav,4.280719444973218
sys014,utt146,wav/vmc2026-track3-sys014-utt146.wav,wav/vmc2026-track3-sys019-utt145.wav,4.436322047383398
sys009,utt080,wav/vmc2026-track3-sys009-utt080.wav,wav/vmc2026-track3-sys019-utt079.wav,4.078749564131513
sys006,utt224,wav/vmc2026-track3-sys006-utt224.wav,wav/vmc2026-track3-sys019-utt223.wav,4.590328624010792
sys009,utt148,wav/vmc2026-track3-sys009-utt148.wav,wav/vmc2026-track3-sys019-utt147.wav,3.7637924958647937
sys010,utt220,wav/vmc2026-track3-sys010-utt220.wav,wav/vmc2026-track3-sys019-utt219.wav,3.7183961692269567
sys006,utt074,wav/vmc2026-track3-sys006-utt074.wav,wav/vmc2026-track3-sys019-utt073.wav,4.101626238446806
sys025,utt084,wav/vmc2026-track3-sys025-utt084.wav,wav/vmc2026-track3-sys019-utt083.wav,3.757466700510092
sys013,utt304,wav/vmc2026-track3-sys013-utt304.wav,wav/vmc2026-track3-sys019-utt303.wav,4.070131934072164
sys022,utt214,wav/vmc2026-track3-sys022-utt214.wav,wav/vmc2026-track3-sys019-utt213.wav,4.191179425759002
sys012,utt134,wav/vmc2026-track3-sys012-utt134.wav,wav/vmc2026-track3-sys019-utt133.wav,2.495206900479788
sys012,utt308,wav/vmc2026-track3-sys012-utt308.wav,wav/vmc2026-track3-sys019-utt307.wav,3.9340191617117752
sys018,utt034,wav/vmc2026-track3-sys018-utt034.wav,wav/vmc2026-track3-sys019-utt033.wav,3.697311685468789
sys007,utt186,wav/vmc2026-track3-sys007-utt186.wav,wav/vmc2026-track3-sys019-utt185.wav,4.114707456226827
sys012,utt086,wav/vmc2026-track3-sys012-utt086.wav,wav/vmc2026-track3-sys019-utt085.wav,4.098211592174914
sys001,utt226,wav/vmc2026-track3-sys001-utt226.wav,wav/vmc2026-track3-sys019-utt225.wav,4.59912982093364
sys016,utt208,wav/vmc2026-track3-sys016-utt208.wav,wav/vmc2026-track3-sys019-utt207.wav,4.152671181083189
sys016,utt178,wav/vmc2026-track3-sys016-utt178.wav,wav/vmc2026-track3-sys019-utt177.wav,4.154281831122346
sys024,utt090,wav/vmc2026-track3-sys024-utt090.wav,wav/vmc2026-track3-sys019-utt089.wav,3.9794224645982847
sys012,utt024,wav/vmc2026-track3-sys012-utt024.wav,wav/vmc2026-track3-sys019-utt023.wav,3.9722692478166115
sys018,utt266,wav/vmc2026-track3-sys018-utt266.wav,wav/vmc2026-track3-sys019-utt265.wav,3.953113657625319
sys006,utt238,wav/vmc2026-track3-sys006-utt238.wav,wav/vmc2026-track3-sys019-utt237.wav,4.437797155968538
sys006,utt226,wav/vmc2026-track3-sys006-utt226.wav,wav/vmc2026-track3-sys019-utt225.wav,4.758607043616743
sys016,utt250,wav/vmc2026-track3-sys016-utt250.wav,wav/vmc2026-track3-sys019-utt249.wav,3.8863986579962435
sys023,utt110,wav/vmc2026-track3-sys023-utt110.wav,wav/vmc2026-track3-sys019-utt109.wav,4.338279891263397
sys006,utt062,wav/vmc2026-track3-sys006-utt062.wav,wav/vmc2026-track3-sys019-utt061.wav,4.299911007422855
sys017,utt312,wav/vmc2026-track3-sys017-utt312.wav,wav/vmc2026-track3-sys019-utt311.wav,4.21660930498056
sys012,utt282,wav/vmc2026-track3-sys012-utt282.wav,wav/vmc2026-track3-sys019-utt281.wav,4.006755211662495
sys001,utt138,wav/vmc2026-track3-sys001-utt138.wav,wav/vmc2026-track3-sys019-utt137.wav,3.91620719483527
sys001,utt248,wav/vmc2026-track3-sys001-utt248.wav,wav/vmc2026-track3-sys019-utt247.wav,4.823977974380528
sys026,utt300,wav/vmc2026-track3-sys026-utt300.wav,wav/vmc2026-track3-sys019-utt299.wav,4.093858784588081
sys023,utt104,wav/vmc2026-track3-sys023-utt104.wav,wav/vmc2026-track3-sys019-utt103.wav,4.303287659512617
sys002,utt146,wav/vmc2026-track3-sys002-utt146.wav,wav/vmc2026-track3-sys019-utt145.wav,3.9588026523392
sys023,utt314,wav/vmc2026-track3-sys023-utt314.wav,wav/vmc2026-track3-sys019-utt313.wav,4.071673316948172
sys014,utt024,wav/vmc2026-track3-sys014-utt024.wav,wav/vmc2026-track3-sys019-utt023.wav,4.453810026894926
sys005,utt040,wav/vmc2026-track3-sys005-utt040.wav,wav/vmc2026-track3-sys019-utt039.wav,3.6628438424848246
sys009,utt120,wav/vmc2026-track3-sys009-utt120.wav,wav/vmc2026-track3-sys019-utt119.wav,4.087451440290962
sys011,utt264,wav/vmc2026-track3-sys011-utt264.wav,wav/vmc2026-track3-sys019-utt263.wav,4.352573486091084
sys025,utt126,wav/vmc2026-track3-sys025-utt126.wav,wav/vmc2026-track3-sys019-utt125.wav,4.1003130964343555
sys020,utt302,wav/vmc2026-track3-sys020-utt302.wav,wav/vmc2026-track3-sys019-utt301.wav,3.658342037917239
sys023,utt078,wav/vmc2026-track3-sys023-utt078.wav,wav/vmc2026-track3-sys019-utt077.wav,4.468903978397103
sys002,utt222,wav/vmc2026-track3-sys002-utt222.wav,wav/vmc2026-track3-sys019-utt221.wav,4.16508666583024
sys010,utt082,wav/vmc2026-track3-sys010-utt082.wav,wav/vmc2026-track3-sys019-utt081.wav,2.7814479281215583
sys025,utt066,wav/vmc2026-track3-sys025-utt066.wav,wav/vmc2026-track3-sys019-utt065.wav,3.8996071444143494
sys009,utt196,wav/vmc2026-track3-sys009-utt196.wav,wav/vmc2026-track3-sys019-utt195.wav,4.412456430238117
sys001,utt012,wav/vmc2026-track3-sys001-utt012.wav,wav/vmc2026-track3-sys019-utt011.wav,4.153816682176245
sys022,utt268,wav/vmc2026-track3-sys022-utt268.wav,wav/vmc2026-track3-sys019-utt267.wav,4.083985547160955
sys005,utt236,wav/vmc2026-track3-sys005-utt236.wav,wav/vmc2026-track3-sys019-utt235.wav,3.7545751552750604
sys014,utt150,wav/vmc2026-track3-sys014-utt150.wav,wav/vmc2026-track3-sys019-utt149.wav,4.37052149146352
sys017,utt068,wav/vmc2026-track3-sys017-utt068.wav,wav/vmc2026-track3-sys019-utt067.wav,4.229775275795776
sys026,utt032,wav/vmc2026-track3-sys026-utt032.wav,wav/vmc2026-track3-sys019-utt031.wav,3.21781794041813
sys010,utt304,wav/vmc2026-track3-sys010-utt304.wav,wav/vmc2026-track3-sys019-utt303.wav,3.890673768299543
sys013,utt156,wav/vmc2026-track3-sys013-utt156.wav,wav/vmc2026-track3-sys019-utt155.wav,4.376235452661281
sys006,utt142,wav/vmc2026-track3-sys006-utt142.wav,wav/vmc2026-track3-sys019-utt141.wav,4.285089728168482
sys016,utt310,wav/vmc2026-track3-sys016-utt310.wav,wav/vmc2026-track3-sys019-utt309.wav,4.098957182096551
sys020,utt012,wav/vmc2026-track3-sys020-utt012.wav,wav/vmc2026-track3-sys019-utt011.wav,3.6522382417620585
sys011,utt208,wav/vmc2026-track3-sys011-utt208.wav,wav/vmc2026-track3-sys019-utt207.wav,4.459813832803578
sys024,utt204,wav/vmc2026-track3-sys024-utt204.wav,wav/vmc2026-track3-sys019-utt203.wav,3.715241256064723
sys010,utt008,wav/vmc2026-track3-sys010-utt008.wav,wav/vmc2026-track3-sys019-utt007.wav,4.062299332433557
sys011,utt074,wav/vmc2026-track3-sys011-utt074.wav,wav/vmc2026-track3-sys019-utt073.wav,4.289504059294207
sys018,utt320,wav/vmc2026-track3-sys018-utt320.wav,wav/vmc2026-track3-sys019-utt319.wav,3.8322667673310824
sys023,utt208,wav/vmc2026-track3-sys023-utt208.wav,wav/vmc2026-track3-sys019-utt207.wav,4.127494549277955
sys017,utt028,wav/vmc2026-track3-sys017-utt028.wav,wav/vmc2026-track3-sys019-utt027.wav,4.4660651009551025
sys001,utt220,wav/vmc2026-track3-sys001-utt220.wav,wav/vmc2026-track3-sys019-utt219.wav,4.3366270863442615
sys026,utt224,wav/vmc2026-track3-sys026-utt224.wav,wav/vmc2026-track3-sys019-utt223.wav,4.103331456263574
sys007,utt184,wav/vmc2026-track3-sys007-utt184.wav,wav/vmc2026-track3-sys019-utt183.wav,3.932602354154077
sys010,utt016,wav/vmc2026-track3-sys010-utt016.wav,wav/vmc2026-track3-sys019-utt015.wav,3.87823171736134
sys005,utt146,wav/vmc2026-track3-sys005-utt146.wav,wav/vmc2026-track3-sys019-utt145.wav,3.652365243199895
sys008,utt210,wav/vmc2026-track3-sys008-utt210.wav,wav/vmc2026-track3-sys019-utt209.wav,4.055864137271578
sys020,utt042,wav/vmc2026-track3-sys020-utt042.wav,wav/vmc2026-track3-sys019-utt041.wav,3.9034588732805067
sys011,utt272,wav/vmc2026-track3-sys011-utt272.wav,wav/vmc2026-track3-sys019-utt271.wav,4.343012895462294
sys008,utt182,wav/vmc2026-track3-sys008-utt182.wav,wav/vmc2026-track3-sys019-utt181.wav,4.431085747665936
sys001,utt140,wav/vmc2026-track3-sys001-utt140.wav,wav/vmc2026-track3-sys019-utt139.wav,3.5156829892249477
sys005,utt042,wav/vmc2026-track3-sys005-utt042.wav,wav/vmc2026-track3-sys019-utt041.wav,4.122828899050669
sys023,utt218,wav/vmc2026-track3-sys023-utt218.wav,wav/vmc2026-track3-sys019-utt217.wav,4.454174784528818
sys012,utt304,wav/vmc2026-track3-sys012-utt304.wav,wav/vmc2026-track3-sys019-utt303.wav,3.8595284682102413
sys020,utt034,wav/vmc2026-track3-sys020-utt034.wav,wav/vmc2026-track3-sys019-utt033.wav,3.39975074284784
sys022,utt306,wav/vmc2026-track3-sys022-utt306.wav,wav/vmc2026-track3-sys019-utt305.wav,3.736991744634228
sys009,utt274,wav/vmc2026-track3-sys009-utt274.wav,wav/vmc2026-track3-sys019-utt273.wav,4.330554343736596
sys006,utt314,wav/vmc2026-track3-sys006-utt314.wav,wav/vmc2026-track3-sys019-utt313.wav,4.091739564547349
sys012,utt228,wav/vmc2026-track3-sys012-utt228.wav,wav/vmc2026-track3-sys019-utt227.wav,3.234562786396237
sys018,utt304,wav/vmc2026-track3-sys018-utt304.wav,wav/vmc2026-track3-sys019-utt303.wav,3.749579879123324
sys025,utt236,wav/vmc2026-track3-sys025-utt236.wav,wav/vmc2026-track3-sys019-utt235.wav,3.595780949363505
sys001,utt288,wav/vmc2026-track3-sys001-utt288.wav,wav/vmc2026-track3-sys019-utt287.wav,4.300256813798238
sys014,utt208,wav/vmc2026-track3-sys014-utt208.wav,wav/vmc2026-track3-sys019-utt207.wav,4.523118720297395
sys007,utt042,wav/vmc2026-track3-sys007-utt042.wav,wav/vmc2026-track3-sys019-utt041.wav,3.9352765692437215
sys009,utt104,wav/vmc2026-track3-sys009-utt104.wav,wav/vmc2026-track3-sys019-utt103.wav,4.534072673166605
sys007,utt110,wav/vmc2026-track3-sys007-utt110.wav,wav/vmc2026-track3-sys019-utt109.wav,4.126626134620749
sys012,utt286,wav/vmc2026-track3-sys012-utt286.wav,wav/vmc2026-track3-sys019-utt285.wav,3.8521226467285206
sys023,utt036,wav/vmc2026-track3-sys023-utt036.wav,wav/vmc2026-track3-sys019-utt035.wav,3.5527582292780235
sys010,utt204,wav/vmc2026-track3-sys010-utt204.wav,wav/vmc2026-track3-sys019-utt203.wav,3.5959551582717326
sys008,utt268,wav/vmc2026-track3-sys008-utt268.wav,wav/vmc2026-track3-sys019-utt267.wav,4.281285874074764
sys022,utt238,wav/vmc2026-track3-sys022-utt238.wav,wav/vmc2026-track3-sys019-utt237.wav,3.8324892624625315
sys020,utt192,wav/vmc2026-track3-sys020-utt192.wav,wav/vmc2026-track3-sys019-utt191.wav,3.5453524673136956
sys022,utt084,wav/vmc2026-track3-sys022-utt084.wav,wav/vmc2026-track3-sys019-utt083.wav,3.306736662482321
sys006,utt156,wav/vmc2026-track3-sys006-utt156.wav,wav/vmc2026-track3-sys019-utt155.wav,4.734395031884195
sys022,utt046,wav/vmc2026-track3-sys022-utt046.wav,wav/vmc2026-track3-sys019-utt045.wav,4.16468738160091
sys001,utt134,wav/vmc2026-track3-sys001-utt134.wav,wav/vmc2026-track3-sys019-utt133.wav,3.966674431088119
sys012,utt004,wav/vmc2026-track3-sys012-utt004.wav,wav/vmc2026-track3-sys019-utt003.wav,4.162707960747047
sys016,utt246,wav/vmc2026-track3-sys016-utt246.wav,wav/vmc2026-track3-sys019-utt245.wav,3.4658219486416444
sys005,utt284,wav/vmc2026-track3-sys005-utt284.wav,wav/vmc2026-track3-sys019-utt283.wav,3.3231732299047123
sys008,utt140,wav/vmc2026-track3-sys008-utt140.wav,wav/vmc2026-track3-sys019-utt139.wav,3.5990735421704025
sys010,utt134,wav/vmc2026-track3-sys010-utt134.wav,wav/vmc2026-track3-sys019-utt133.wav,3.3667240192487267
sys018,utt224,wav/vmc2026-track3-sys018-utt224.wav,wav/vmc2026-track3-sys019-utt223.wav,3.9894061518952513
sys022,utt118,wav/vmc2026-track3-sys022-utt118.wav,wav/vmc2026-track3-sys019-utt117.wav,3.5928923982667165
sys023,utt202,wav/vmc2026-track3-sys023-utt202.wav,wav/vmc2026-track3-sys019-utt201.wav,3.6939175027497586
sys016,utt066,wav/vmc2026-track3-sys016-utt066.wav,wav/vmc2026-track3-sys019-utt065.wav,3.8904080676880155
sys005,utt280,wav/vmc2026-track3-sys005-utt280.wav,wav/vmc2026-track3-sys019-utt279.wav,3.966108545746575
sys001,utt032,wav/vmc2026-track3-sys001-utt032.wav,wav/vmc2026-track3-sys019-utt031.wav,3.607581356165208
sys013,utt082,wav/vmc2026-track3-sys013-utt082.wav,wav/vmc2026-track3-sys019-utt081.wav,3.75203882752875
sys014,utt300,wav/vmc2026-track3-sys014-utt300.wav,wav/vmc2026-track3-sys019-utt299.wav,4.831239461909107
sys012,utt280,wav/vmc2026-track3-sys012-utt280.wav,wav/vmc2026-track3-sys019-utt279.wav,4.33007758246765
sys023,utt250,wav/vmc2026-track3-sys023-utt250.wav,wav/vmc2026-track3-sys019-utt249.wav,4.30261107505604
sys012,utt268,wav/vmc2026-track3-sys012-utt268.wav,wav/vmc2026-track3-sys019-utt267.wav,3.9277817461265245
sys001,utt104,wav/vmc2026-track3-sys001-utt104.wav,wav/vmc2026-track3-sys019-utt103.wav,4.385512781673467
sys002,utt176,wav/vmc2026-track3-sys002-utt176.wav,wav/vmc2026-track3-sys019-utt175.wav,3.6337637915186125
sys001,utt108,wav/vmc2026-track3-sys001-utt108.wav,wav/vmc2026-track3-sys019-utt107.wav,4.3142837687993065
sys018,utt194,wav/vmc2026-track3-sys018-utt194.wav,wav/vmc2026-track3-sys019-utt193.wav,4.24130673757615
sys012,utt122,wav/vmc2026-track3-sys012-utt122.wav,wav/vmc2026-track3-sys019-utt121.wav,4.164069369012022
sys005,utt176,wav/vmc2026-track3-sys005-utt176.wav,wav/vmc2026-track3-sys019-utt175.wav,3.494759043655018
sys020,utt312,wav/vmc2026-track3-sys020-utt312.wav,wav/vmc2026-track3-sys019-utt311.wav,3.529597367345786
sys020,utt124,wav/vmc2026-track3-sys020-utt124.wav,wav/vmc2026-track3-sys019-utt123.wav,3.66557612227595
sys026,utt308,wav/vmc2026-track3-sys026-utt308.wav,wav/vmc2026-track3-sys019-utt307.wav,4.0063157137862655
sys005,utt102,wav/vmc2026-track3-sys005-utt102.wav,wav/vmc2026-track3-sys019-utt101.wav,3.6371640551161555
sys012,utt210,wav/vmc2026-track3-sys012-utt210.wav,wav/vmc2026-track3-sys019-utt209.wav,3.651431686769582
sys012,utt274,wav/vmc2026-track3-sys012-utt274.wav,wav/vmc2026-track3-sys019-utt273.wav,4.421406545929586
sys023,utt086,wav/vmc2026-track3-sys023-utt086.wav,wav/vmc2026-track3-sys019-utt085.wav,3.9034699087596088
sys008,utt132,wav/vmc2026-track3-sys008-utt132.wav,wav/vmc2026-track3-sys019-utt131.wav,3.894348849333709
sys005,utt026,wav/vmc2026-track3-sys005-utt026.wav,wav/vmc2026-track3-sys019-utt025.wav,3.814636299571125
sys009,utt310,wav/vmc2026-track3-sys009-utt310.wav,wav/vmc2026-track3-sys019-utt309.wav,4.369464306467235
sys007,utt284,wav/vmc2026-track3-sys007-utt284.wav,wav/vmc2026-track3-sys019-utt283.wav,3.8611855226263008
sys009,utt134,wav/vmc2026-track3-sys009-utt134.wav,wav/vmc2026-track3-sys019-utt133.wav,3.6518669624658173
sys025,utt014,wav/vmc2026-track3-sys025-utt014.wav,wav/vmc2026-track3-sys019-utt013.wav,4.041044366020053
sys014,utt066,wav/vmc2026-track3-sys014-utt066.wav,wav/vmc2026-track3-sys019-utt065.wav,4.659465000707827
sys025,utt238,wav/vmc2026-track3-sys025-utt238.wav,wav/vmc2026-track3-sys019-utt237.wav,4.023044548638939
sys006,utt212,wav/vmc2026-track3-sys006-utt212.wav,wav/vmc2026-track3-sys019-utt211.wav,4.3190986895904855
sys010,utt114,wav/vmc2026-track3-sys010-utt114.wav,wav/vmc2026-track3-sys019-utt113.wav,3.0480696486992995
sys023,utt070,wav/vmc2026-track3-sys023-utt070.wav,wav/vmc2026-track3-sys019-utt069.wav,4.182632888551779
sys009,utt020,wav/vmc2026-track3-sys009-utt020.wav,wav/vmc2026-track3-sys019-utt019.wav,4.3592536643220905
sys026,utt062,wav/vmc2026-track3-sys026-utt062.wav,wav/vmc2026-track3-sys019-utt061.wav,3.5630046625902954
sys011,utt310,wav/vmc2026-track3-sys011-utt310.wav,wav/vmc2026-track3-sys019-utt309.wav,4.545004324432352
sys007,utt022,wav/vmc2026-track3-sys007-utt022.wav,wav/vmc2026-track3-sys019-utt021.wav,4.189202570205383
sys008,utt230,wav/vmc2026-track3-sys008-utt230.wav,wav/vmc2026-track3-sys019-utt229.wav,4.618484217758931
sys024,utt276,wav/vmc2026-track3-sys024-utt276.wav,wav/vmc2026-track3-sys019-utt275.wav,3.9733149090241833
sys006,utt008,wav/vmc2026-track3-sys006-utt008.wav,wav/vmc2026-track3-sys019-utt007.wav,4.382491188194801
sys002,utt234,wav/vmc2026-track3-sys002-utt234.wav,wav/vmc2026-track3-sys019-utt233.wav,3.906802728862317
sys014,utt008,wav/vmc2026-track3-sys014-utt008.wav,wav/vmc2026-track3-sys019-utt007.wav,4.516383134136432
sys006,utt288,wav/vmc2026-track3-sys006-utt288.wav,wav/vmc2026-track3-sys019-utt287.wav,4.311275431532174
sys010,utt320,wav/vmc2026-track3-sys010-utt320.wav,wav/vmc2026-track3-sys019-utt319.wav,3.7695056778892977
sys008,utt108,wav/vmc2026-track3-sys008-utt108.wav,wav/vmc2026-track3-sys019-utt107.wav,4.606557800551756
sys014,utt046,wav/vmc2026-track3-sys014-utt046.wav,wav/vmc2026-track3-sys019-utt045.wav,4.507227940804619
sys014,utt286,wav/vmc2026-track3-sys014-utt286.wav,wav/vmc2026-track3-sys019-utt285.wav,4.117703492273965
sys024,utt242,wav/vmc2026-track3-sys024-utt242.wav,wav/vmc2026-track3-sys019-utt241.wav,3.84250221364431
sys020,utt066,wav/vmc2026-track3-sys020-utt066.wav,wav/vmc2026-track3-sys019-utt065.wav,3.9227292247130907
sys020,utt294,wav/vmc2026-track3-sys020-utt294.wav,wav/vmc2026-track3-sys019-utt293.wav,3.6271648818705895
sys002,utt046,wav/vmc2026-track3-sys002-utt046.wav,wav/vmc2026-track3-sys019-utt045.wav,4.283755247822249
sys022,utt186,wav/vmc2026-track3-sys022-utt186.wav,wav/vmc2026-track3-sys019-utt185.wav,3.9993218550018783
sys018,utt006,wav/vmc2026-track3-sys018-utt006.wav,wav/vmc2026-track3-sys019-utt005.wav,3.750270002850243
sys018,utt176,wav/vmc2026-track3-sys018-utt176.wav,wav/vmc2026-track3-sys019-utt175.wav,3.017273788124749
sys026,utt182,wav/vmc2026-track3-sys026-utt182.wav,wav/vmc2026-track3-sys019-utt181.wav,3.9347693248244644
sys024,utt148,wav/vmc2026-track3-sys024-utt148.wav,wav/vmc2026-track3-sys019-utt147.wav,3.727432520154103
sys016,utt142,wav/vmc2026-track3-sys016-utt142.wav,wav/vmc2026-track3-sys019-utt141.wav,3.727384490442573
sys023,utt284,wav/vmc2026-track3-sys023-utt284.wav,wav/vmc2026-track3-sys019-utt283.wav,4.0690393523532435
sys022,utt234,wav/vmc2026-track3-sys022-utt234.wav,wav/vmc2026-track3-sys019-utt233.wav,3.6646963195135047
sys001,utt088,wav/vmc2026-track3-sys001-utt088.wav,wav/vmc2026-track3-sys019-utt087.wav,4.381486044095718
sys022,utt076,wav/vmc2026-track3-sys022-utt076.wav,wav/vmc2026-track3-sys019-utt075.wav,3.7031382403494657
sys023,utt172,wav/vmc2026-track3-sys023-utt172.wav,wav/vmc2026-track3-sys019-utt171.wav,3.480970305707551
sys016,utt122,wav/vmc2026-track3-sys016-utt122.wav,wav/vmc2026-track3-sys019-utt121.wav,4.290606978870345
sys024,utt212,wav/vmc2026-track3-sys024-utt212.wav,wav/vmc2026-track3-sys019-utt211.wav,4.130063302816611
sys017,utt226,wav/vmc2026-track3-sys017-utt226.wav,wav/vmc2026-track3-sys019-utt225.wav,4.655596624499099
sys008,utt142,wav/vmc2026-track3-sys008-utt142.wav,wav/vmc2026-track3-sys019-utt141.wav,4.191683168140196
sys009,utt062,wav/vmc2026-track3-sys009-utt062.wav,wav/vmc2026-track3-sys019-utt061.wav,4.06631674747791
sys007,utt146,wav/vmc2026-track3-sys007-utt146.wav,wav/vmc2026-track3-sys019-utt145.wav,3.8092736494919763
sys018,utt214,wav/vmc2026-track3-sys018-utt214.wav,wav/vmc2026-track3-sys019-utt213.wav,3.4763602804949003
sys001,utt318,wav/vmc2026-track3-sys001-utt318.wav,wav/vmc2026-track3-sys019-utt317.wav,4.301774522563841
sys026,utt172,wav/vmc2026-track3-sys026-utt172.wav,wav/vmc2026-track3-sys019-utt171.wav,3.5280368024179474
sys022,utt022,wav/vmc2026-track3-sys022-utt022.wav,wav/vmc2026-track3-sys019-utt021.wav,4.0014829870789255
sys024,utt274,wav/vmc2026-track3-sys024-utt274.wav,wav/vmc2026-track3-sys019-utt273.wav,4.218848094209958
sys018,utt022,wav/vmc2026-track3-sys018-utt022.wav,wav/vmc2026-track3-sys019-utt021.wav,3.800554531535265
sys023,utt126,wav/vmc2026-track3-sys023-utt126.wav,wav/vmc2026-track3-sys019-utt125.wav,4.340415285073668
sys023,utt044,wav/vmc2026-track3-sys023-utt044.wav,wav/vmc2026-track3-sys019-utt043.wav,3.9746961428029692
sys005,utt104,wav/vmc2026-track3-sys005-utt104.wav,wav/vmc2026-track3-sys019-utt103.wav,4.155315491338256
sys020,utt286,wav/vmc2026-track3-sys020-utt286.wav,wav/vmc2026-track3-sys019-utt285.wav,3.3407313643235974
sys001,utt208,wav/vmc2026-track3-sys001-utt208.wav,wav/vmc2026-track3-sys019-utt207.wav,4.147720170347916
sys008,utt270,wav/vmc2026-track3-sys008-utt270.wav,wav/vmc2026-track3-sys019-utt269.wav,4.3540783190299965
sys005,utt072,wav/vmc2026-track3-sys005-utt072.wav,wav/vmc2026-track3-sys019-utt071.wav,3.649465051171219
sys009,utt238,wav/vmc2026-track3-sys009-utt238.wav,wav/vmc2026-track3-sys019-utt237.wav,4.461606323451468
sys006,utt106,wav/vmc2026-track3-sys006-utt106.wav,wav/vmc2026-track3-sys019-utt105.wav,4.40132580149293
sys025,utt300,wav/vmc2026-track3-sys025-utt300.wav,wav/vmc2026-track3-sys019-utt299.wav,4.166438757034253
sys008,utt136,wav/vmc2026-track3-sys008-utt136.wav,wav/vmc2026-track3-sys019-utt135.wav,4.415918996120984
sys010,utt088,wav/vmc2026-track3-sys010-utt088.wav,wav/vmc2026-track3-sys019-utt087.wav,3.9092243547343375
sys018,utt108,wav/vmc2026-track3-sys018-utt108.wav,wav/vmc2026-track3-sys019-utt107.wav,4.000726915511021
sys025,utt244,wav/vmc2026-track3-sys025-utt244.wav,wav/vmc2026-track3-sys019-utt243.wav,4.079766297582587
sys006,utt034,wav/vmc2026-track3-sys006-utt034.wav,wav/vmc2026-track3-sys019-utt033.wav,4.0686142804233745
sys018,utt274,wav/vmc2026-track3-sys018-utt274.wav,wav/vmc2026-track3-sys019-utt273.wav,3.3168466754144488
sys009,utt318,wav/vmc2026-track3-sys009-utt318.wav,wav/vmc2026-track3-sys019-utt317.wav,4.425894419127846
sys008,utt022,wav/vmc2026-track3-sys008-utt022.wav,wav/vmc2026-track3-sys019-utt021.wav,4.526448701060807
sys024,utt036,wav/vmc2026-track3-sys024-utt036.wav,wav/vmc2026-track3-sys019-utt035.wav,3.3812179438672487
sys022,utt080,wav/vmc2026-track3-sys022-utt080.wav,wav/vmc2026-track3-sys019-utt079.wav,3.5413363493928496
sys010,utt130,wav/vmc2026-track3-sys010-utt130.wav,wav/vmc2026-track3-sys019-utt129.wav,4.008827320192669
sys017,utt072,wav/vmc2026-track3-sys017-utt072.wav,wav/vmc2026-track3-sys019-utt071.wav,4.2587516989290695
sys016,utt308,wav/vmc2026-track3-sys016-utt308.wav,wav/vmc2026-track3-sys019-utt307.wav,3.846917269652139
sys017,utt156,wav/vmc2026-track3-sys017-utt156.wav,wav/vmc2026-track3-sys019-utt155.wav,4.3286215150774945
sys008,utt154,wav/vmc2026-track3-sys008-utt154.wav,wav/vmc2026-track3-sys019-utt153.wav,4.738891246895721
sys001,utt126,wav/vmc2026-track3-sys001-utt126.wav,wav/vmc2026-track3-sys019-utt125.wav,4.384783623491006
sys016,utt202,wav/vmc2026-track3-sys016-utt202.wav,wav/vmc2026-track3-sys019-utt201.wav,4.000820833869666
sys014,utt206,wav/vmc2026-track3-sys014-utt206.wav,wav/vmc2026-track3-sys019-utt205.wav,4.481071889282095
sys001,utt302,wav/vmc2026-track3-sys001-utt302.wav,wav/vmc2026-track3-sys019-utt301.wav,4.289838802248857
sys020,utt110,wav/vmc2026-track3-sys020-utt110.wav,wav/vmc2026-track3-sys019-utt109.wav,3.6727188071784385
sys025,utt024,wav/vmc2026-track3-sys025-utt024.wav,wav/vmc2026-track3-sys019-utt023.wav,3.8560571963229755
sys020,utt014,wav/vmc2026-track3-sys020-utt014.wav,wav/vmc2026-track3-sys019-utt013.wav,3.8524393375604484
sys009,utt160,wav/vmc2026-track3-sys009-utt160.wav,wav/vmc2026-track3-sys019-utt159.wav,4.584529585389451
sys010,utt302,wav/vmc2026-track3-sys010-utt302.wav,wav/vmc2026-track3-sys019-utt301.wav,4.270232731744275
sys020,utt006,wav/vmc2026-track3-sys020-utt006.wav,wav/vmc2026-track3-sys019-utt005.wav,3.708691970490058
sys010,utt230,wav/vmc2026-track3-sys010-utt230.wav,wav/vmc2026-track3-sys019-utt229.wav,4.080117193864748
sys005,utt156,wav/vmc2026-track3-sys005-utt156.wav,wav/vmc2026-track3-sys019-utt155.wav,3.8401683701237816
sys007,utt074,wav/vmc2026-track3-sys007-utt074.wav,wav/vmc2026-track3-sys019-utt073.wav,3.892331512316377
sys002,utt070,wav/vmc2026-track3-sys002-utt070.wav,wav/vmc2026-track3-sys019-utt069.wav,4.138279782826218
sys008,utt148,wav/vmc2026-track3-sys008-utt148.wav,wav/vmc2026-track3-sys019-utt147.wav,4.264258257398258
sys020,utt236,wav/vmc2026-track3-sys020-utt236.wav,wav/vmc2026-track3-sys019-utt235.wav,3.6004595482297663
sys026,utt078,wav/vmc2026-track3-sys026-utt078.wav,wav/vmc2026-track3-sys019-utt077.wav,4.111426292019267
sys017,utt110,wav/vmc2026-track3-sys017-utt110.wav,wav/vmc2026-track3-sys019-utt109.wav,4.530309100962031
sys026,utt262,wav/vmc2026-track3-sys026-utt262.wav,wav/vmc2026-track3-sys019-utt261.wav,4.190613988449501
sys008,utt030,wav/vmc2026-track3-sys008-utt030.wav,wav/vmc2026-track3-sys019-utt029.wav,4.548813216968226
sys026,utt148,wav/vmc2026-track3-sys026-utt148.wav,wav/vmc2026-track3-sys019-utt147.wav,3.6596094131038
sys007,utt204,wav/vmc2026-track3-sys007-utt204.wav,wav/vmc2026-track3-sys019-utt203.wav,3.878360620142837
sys026,utt028,wav/vmc2026-track3-sys026-utt028.wav,wav/vmc2026-track3-sys019-utt027.wav,4.046648698087851
sys012,utt140,wav/vmc2026-track3-sys012-utt140.wav,wav/vmc2026-track3-sys019-utt139.wav,2.0761207937047783
sys025,utt274,wav/vmc2026-track3-sys025-utt274.wav,wav/vmc2026-track3-sys019-utt273.wav,3.950814548285411
sys002,utt310,wav/vmc2026-track3-sys002-utt310.wav,wav/vmc2026-track3-sys019-utt309.wav,4.455737742886574
sys007,utt040,wav/vmc2026-track3-sys007-utt040.wav,wav/vmc2026-track3-sys019-utt039.wav,3.955430179005959
sys011,utt040,wav/vmc2026-track3-sys011-utt040.wav,wav/vmc2026-track3-sys019-utt039.wav,4.137980952889335
sys005,utt172,wav/vmc2026-track3-sys005-utt172.wav,wav/vmc2026-track3-sys019-utt171.wav,3.6195655986702318
sys006,utt024,wav/vmc2026-track3-sys006-utt024.wav,wav/vmc2026-track3-sys019-utt023.wav,4.214912606095664
sys016,utt024,wav/vmc2026-track3-sys016-utt024.wav,wav/vmc2026-track3-sys019-utt023.wav,3.858981945970984
sys008,utt134,wav/vmc2026-track3-sys008-utt134.wav,wav/vmc2026-track3-sys019-utt133.wav,4.063723549530888
sys005,utt002,wav/vmc2026-track3-sys005-utt002.wav,wav/vmc2026-track3-sys019-utt001.wav,3.7933823431011873
sys025,utt128,wav/vmc2026-track3-sys025-utt128.wav,wav/vmc2026-track3-sys019-utt127.wav,3.7746124148439817
sys010,utt076,wav/vmc2026-track3-sys010-utt076.wav,wav/vmc2026-track3-sys019-utt075.wav,3.757257466678628
sys008,utt024,wav/vmc2026-track3-sys008-utt024.wav,wav/vmc2026-track3-sys019-utt023.wav,4.493618022350054
sys020,utt296,wav/vmc2026-track3-sys020-utt296.wav,wav/vmc2026-track3-sys019-utt295.wav,3.553928000884594
sys001,utt064,wav/vmc2026-track3-sys001-utt064.wav,wav/vmc2026-track3-sys019-utt063.wav,4.051735655545161
sys017,utt006,wav/vmc2026-track3-sys017-utt006.wav,wav/vmc2026-track3-sys019-utt005.wav,4.0202666150108195
sys012,utt080,wav/vmc2026-track3-sys012-utt080.wav,wav/vmc2026-track3-sys019-utt079.wav,3.7856061227323394
sys011,utt282,wav/vmc2026-track3-sys011-utt282.wav,wav/vmc2026-track3-sys019-utt281.wav,4.247955946521233
sys017,utt038,wav/vmc2026-track3-sys017-utt038.wav,wav/vmc2026-track3-sys019-utt037.wav,3.6098806197373117
sys026,utt084,wav/vmc2026-track3-sys026-utt084.wav,wav/vmc2026-track3-sys019-utt083.wav,3.68223595365211
sys010,utt032,wav/vmc2026-track3-sys010-utt032.wav,wav/vmc2026-track3-sys019-utt031.wav,3.1501110782507293
sys014,utt002,wav/vmc2026-track3-sys014-utt002.wav,wav/vmc2026-track3-sys019-utt001.wav,4.5527620092812775
sys014,utt204,wav/vmc2026-track3-sys014-utt204.wav,wav/vmc2026-track3-sys019-utt203.wav,4.129595756850457
sys002,utt074,wav/vmc2026-track3-sys002-utt074.wav,wav/vmc2026-track3-sys019-utt073.wav,4.179809166831384
sys025,utt186,wav/vmc2026-track3-sys025-utt186.wav,wav/vmc2026-track3-sys019-utt185.wav,4.115435814513444
sys022,utt016,wav/vmc2026-track3-sys022-utt016.wav,wav/vmc2026-track3-sys019-utt015.wav,3.608941520420528
sys026,utt114,wav/vmc2026-track3-sys026-utt114.wav,wav/vmc2026-track3-sys019-utt113.wav,3.218743332660616
sys026,utt320,wav/vmc2026-track3-sys026-utt320.wav,wav/vmc2026-track3-sys019-utt319.wav,3.990789714708915
sys023,utt004,wav/vmc2026-track3-sys023-utt004.wav,wav/vmc2026-track3-sys019-utt003.wav,4.411469158606179
sys011,utt062,wav/vmc2026-track3-sys011-utt062.wav,wav/vmc2026-track3-sys019-utt061.wav,4.068965990173301
sys025,utt234,wav/vmc2026-track3-sys025-utt234.wav,wav/vmc2026-track3-sys019-utt233.wav,3.674786534627963
sys006,utt272,wav/vmc2026-track3-sys006-utt272.wav,wav/vmc2026-track3-sys019-utt271.wav,4.54341714558932
sys023,utt154,wav/vmc2026-track3-sys023-utt154.wav,wav/vmc2026-track3-sys019-utt153.wav,4.265603825557314
sys011,utt044,wav/vmc2026-track3-sys011-utt044.wav,wav/vmc2026-track3-sys019-utt043.wav,4.4703318430924925
sys011,utt104,wav/vmc2026-track3-sys011-utt104.wav,wav/vmc2026-track3-sys019-utt103.wav,4.588608870793295
sys024,utt122,wav/vmc2026-track3-sys024-utt122.wav,wav/vmc2026-track3-sys019-utt121.wav,3.698171533853787
sys005,utt200,wav/vmc2026-track3-sys005-utt200.wav,wav/vmc2026-track3-sys019-utt199.wav,3.989976901128898
sys009,utt208,wav/vmc2026-track3-sys009-utt208.wav,wav/vmc2026-track3-sys019-utt207.wav,4.060674327158923
sys001,utt200,wav/vmc2026-track3-sys001-utt200.wav,wav/vmc2026-track3-sys019-utt199.wav,4.497297486957789
sys017,utt210,wav/vmc2026-track3-sys017-utt210.wav,wav/vmc2026-track3-sys019-utt209.wav,3.8003729216081754
sys022,utt228,wav/vmc2026-track3-sys022-utt228.wav,wav/vmc2026-track3-sys019-utt227.wav,4.177298496280011
sys005,utt048,wav/vmc2026-track3-sys005-utt048.wav,wav/vmc2026-track3-sys019-utt047.wav,4.019764703533348
sys020,utt134,wav/vmc2026-track3-sys020-utt134.wav,wav/vmc2026-track3-sys019-utt133.wav,3.2297944224346873
sys005,utt150,wav/vmc2026-track3-sys005-utt150.wav,wav/vmc2026-track3-sys019-utt149.wav,3.637805796378294
sys026,utt142,wav/vmc2026-track3-sys026-utt142.wav,wav/vmc2026-track3-sys019-utt141.wav,3.46621279485192
sys011,utt302,wav/vmc2026-track3-sys011-utt302.wav,wav/vmc2026-track3-sys019-utt301.wav,4.252433066158161
sys013,utt120,wav/vmc2026-track3-sys013-utt120.wav,wav/vmc2026-track3-sys019-utt119.wav,3.8500600703637957
sys006,utt012,wav/vmc2026-track3-sys006-utt012.wav,wav/vmc2026-track3-sys019-utt011.wav,4.297890088959312
sys016,utt146,wav/vmc2026-track3-sys016-utt146.wav,wav/vmc2026-track3-sys019-utt145.wav,3.609081423775158
sys020,utt108,wav/vmc2026-track3-sys020-utt108.wav,wav/vmc2026-track3-sys019-utt107.wav,3.8925960648862787
sys025,utt022,wav/vmc2026-track3-sys025-utt022.wav,wav/vmc2026-track3-sys019-utt021.wav,3.616893728236663
sys020,utt210,wav/vmc2026-track3-sys020-utt210.wav,wav/vmc2026-track3-sys019-utt209.wav,3.680549772387285
sys017,utt016,wav/vmc2026-track3-sys017-utt016.wav,wav/vmc2026-track3-sys019-utt015.wav,4.124357291233321
sys001,utt042,wav/vmc2026-track3-sys001-utt042.wav,wav/vmc2026-track3-sys019-utt041.wav,4.160475082880482
sys016,utt114,wav/vmc2026-track3-sys016-utt114.wav,wav/vmc2026-track3-sys019-utt113.wav,3.2670131735138113
sys008,utt224,wav/vmc2026-track3-sys008-utt224.wav,wav/vmc2026-track3-sys019-utt223.wav,4.748121911935843
sys022,utt018,wav/vmc2026-track3-sys022-utt018.wav,wav/vmc2026-track3-sys019-utt017.wav,3.7263426781752362
sys009,utt004,wav/vmc2026-track3-sys009-utt004.wav,wav/vmc2026-track3-sys019-utt003.wav,4.316692268286316
sys024,utt272,wav/vmc2026-track3-sys024-utt272.wav,wav/vmc2026-track3-sys019-utt271.wav,3.8819403810734174
sys022,utt110,wav/vmc2026-track3-sys022-utt110.wav,wav/vmc2026-track3-sys019-utt109.wav,3.2968904457445407
sys016,utt080,wav/vmc2026-track3-sys016-utt080.wav,wav/vmc2026-track3-sys019-utt079.wav,3.131547372976936
sys024,utt050,wav/vmc2026-track3-sys024-utt050.wav,wav/vmc2026-track3-sys019-utt049.wav,4.281774025052283
sys026,utt180,wav/vmc2026-track3-sys026-utt180.wav,wav/vmc2026-track3-sys019-utt179.wav,3.425201800452481
sys025,utt016,wav/vmc2026-track3-sys025-utt016.wav,wav/vmc2026-track3-sys019-utt015.wav,4.094676423916349
sys006,utt196,wav/vmc2026-track3-sys006-utt196.wav,wav/vmc2026-track3-sys019-utt195.wav,4.811846798471957
sys022,utt160,wav/vmc2026-track3-sys022-utt160.wav,wav/vmc2026-track3-sys019-utt159.wav,4.116734529522936
sys011,utt106,wav/vmc2026-track3-sys011-utt106.wav,wav/vmc2026-track3-sys019-utt105.wav,4.5678000231945095
sys001,utt120,wav/vmc2026-track3-sys001-utt120.wav,wav/vmc2026-track3-sys019-utt119.wav,4.1465471818858
sys009,utt206,wav/vmc2026-track3-sys009-utt206.wav,wav/vmc2026-track3-sys019-utt205.wav,4.177351719350333
sys002,utt280,wav/vmc2026-track3-sys002-utt280.wav,wav/vmc2026-track3-sys019-utt279.wav,4.216146732214338
sys016,utt210,wav/vmc2026-track3-sys016-utt210.wav,wav/vmc2026-track3-sys019-utt209.wav,3.686156137423092
sys018,utt010,wav/vmc2026-track3-sys018-utt010.wav,wav/vmc2026-track3-sys019-utt009.wav,4.073164432813483
sys009,utt174,wav/vmc2026-track3-sys009-utt174.wav,wav/vmc2026-track3-sys019-utt173.wav,3.773660474708968
sys026,utt306,wav/vmc2026-track3-sys026-utt306.wav,wav/vmc2026-track3-sys019-utt305.wav,4.047462097098733
sys016,utt272,wav/vmc2026-track3-sys016-utt272.wav,wav/vmc2026-track3-sys019-utt271.wav,4.1955454447671885
sys007,utt128,wav/vmc2026-track3-sys007-utt128.wav,wav/vmc2026-track3-sys019-utt127.wav,3.90384578438337
sys010,utt314,wav/vmc2026-track3-sys010-utt314.wav,wav/vmc2026-track3-sys019-utt313.wav,3.787038489800225
sys001,utt046,wav/vmc2026-track3-sys001-utt046.wav,wav/vmc2026-track3-sys019-utt045.wav,4.138699488816914
sys001,utt282,wav/vmc2026-track3-sys001-utt282.wav,wav/vmc2026-track3-sys019-utt281.wav,4.304844731445602
sys024,utt262,wav/vmc2026-track3-sys024-utt262.wav,wav/vmc2026-track3-sys019-utt261.wav,3.92075549399395
sys008,utt002,wav/vmc2026-track3-sys008-utt002.wav,wav/vmc2026-track3-sys019-utt001.wav,4.549204689073779
sys022,utt026,wav/vmc2026-track3-sys022-utt026.wav,wav/vmc2026-track3-sys019-utt025.wav,1.8979991930884976
sys013,utt106,wav/vmc2026-track3-sys013-utt106.wav,wav/vmc2026-track3-sys019-utt105.wav,4.352158276689439
sys026,utt314,wav/vmc2026-track3-sys026-utt314.wav,wav/vmc2026-track3-sys019-utt313.wav,3.7671850567461638
sys011,utt016,wav/vmc2026-track3-sys011-utt016.wav,wav/vmc2026-track3-sys019-utt015.wav,3.9474034914615808
sys006,utt318,wav/vmc2026-track3-sys006-utt318.wav,wav/vmc2026-track3-sys019-utt317.wav,4.452579317755248
sys014,utt274,wav/vmc2026-track3-sys014-utt274.wav,wav/vmc2026-track3-sys019-utt273.wav,4.570415682849329
sys008,utt218,wav/vmc2026-track3-sys008-utt218.wav,wav/vmc2026-track3-sys019-utt217.wav,4.882254238847021
sys020,utt222,wav/vmc2026-track3-sys020-utt222.wav,wav/vmc2026-track3-sys019-utt221.wav,3.518035948897179
sys020,utt180,wav/vmc2026-track3-sys020-utt180.wav,wav/vmc2026-track3-sys019-utt179.wav,3.175470578898933
sys013,utt222,wav/vmc2026-track3-sys013-utt222.wav,wav/vmc2026-track3-sys019-utt221.wav,4.021596322777358
sys002,utt024,wav/vmc2026-track3-sys002-utt024.wav,wav/vmc2026-track3-sys019-utt023.wav,4.201167057535701
sys023,utt074,wav/vmc2026-track3-sys023-utt074.wav,wav/vmc2026-track3-sys019-utt073.wav,3.6919474389874383
sys026,utt024,wav/vmc2026-track3-sys026-utt024.wav,wav/vmc2026-track3-sys019-utt023.wav,3.8866486475132964
sys002,utt184,wav/vmc2026-track3-sys002-utt184.wav,wav/vmc2026-track3-sys019-utt183.wav,4.070276734078962
sys017,utt230,wav/vmc2026-track3-sys017-utt230.wav,wav/vmc2026-track3-sys019-utt229.wav,4.360634830507593
sys006,utt088,wav/vmc2026-track3-sys006-utt088.wav,wav/vmc2026-track3-sys019-utt087.wav,4.458714415845978
sys010,utt200,wav/vmc2026-track3-sys010-utt200.wav,wav/vmc2026-track3-sys019-utt199.wav,4.406197377915671
sys017,utt042,wav/vmc2026-track3-sys017-utt042.wav,wav/vmc2026-track3-sys019-utt041.wav,4.529876223660547
sys025,utt248,wav/vmc2026-track3-sys025-utt248.wav,wav/vmc2026-track3-sys019-utt247.wav,3.7877410907579283
sys010,utt034,wav/vmc2026-track3-sys010-utt034.wav,wav/vmc2026-track3-sys019-utt033.wav,3.7195810707861874
sys012,utt202,wav/vmc2026-track3-sys012-utt202.wav,wav/vmc2026-track3-sys019-utt201.wav,3.82462618728883
sys014,utt018,wav/vmc2026-track3-sys014-utt018.wav,wav/vmc2026-track3-sys019-utt017.wav,4.498325174233209
sys026,utt010,wav/vmc2026-track3-sys026-utt010.wav,wav/vmc2026-track3-sys019-utt009.wav,4.019171812805449
sys023,utt270,wav/vmc2026-track3-sys023-utt270.wav,wav/vmc2026-track3-sys019-utt269.wav,4.313282122396737
sys005,utt016,wav/vmc2026-track3-sys005-utt016.wav,wav/vmc2026-track3-sys019-utt015.wav,3.7417967778770937
sys018,utt114,wav/vmc2026-track3-sys018-utt114.wav,wav/vmc2026-track3-sys019-utt113.wav,3.0472939433809865
sys016,utt214,wav/vmc2026-track3-sys016-utt214.wav,wav/vmc2026-track3-sys019-utt213.wav,4.023714442419118
sys002,utt026,wav/vmc2026-track3-sys002-utt026.wav,wav/vmc2026-track3-sys019-utt025.wav,4.4326094201616195
sys011,utt068,wav/vmc2026-track3-sys011-utt068.wav,wav/vmc2026-track3-sys019-utt067.wav,4.30912965626889
sys016,utt154,wav/vmc2026-track3-sys016-utt154.wav,wav/vmc2026-track3-sys019-utt153.wav,4.110208795235537
sys001,utt206,wav/vmc2026-track3-sys001-utt206.wav,wav/vmc2026-track3-sys019-utt205.wav,4.190825566966357
sys014,utt214,wav/vmc2026-track3-sys014-utt214.wav,wav/vmc2026-track3-sys019-utt213.wav,4.793918969960261
sys001,utt076,wav/vmc2026-track3-sys001-utt076.wav,wav/vmc2026-track3-sys019-utt075.wav,4.416091325706676
sys007,utt290,wav/vmc2026-track3-sys007-utt290.wav,wav/vmc2026-track3-sys019-utt289.wav,4.262231777000101
sys014,utt314,wav/vmc2026-track3-sys014-utt314.wav,wav/vmc2026-track3-sys019-utt313.wav,4.114806667699451
sys013,utt266,wav/vmc2026-track3-sys013-utt266.wav,wav/vmc2026-track3-sys019-utt265.wav,4.060894631628585
sys023,utt206,wav/vmc2026-track3-sys023-utt206.wav,wav/vmc2026-track3-sys019-utt205.wav,4.135162485079894
sys006,utt078,wav/vmc2026-track3-sys006-utt078.wav,wav/vmc2026-track3-sys019-utt077.wav,4.539055596124305
sys005,utt272,wav/vmc2026-track3-sys005-utt272.wav,wav/vmc2026-track3-sys019-utt271.wav,3.9937637682185656
sys017,utt264,wav/vmc2026-track3-sys017-utt264.wav,wav/vmc2026-track3-sys019-utt263.wav,4.1767071952528365
sys014,utt078,wav/vmc2026-track3-sys014-utt078.wav,wav/vmc2026-track3-sys019-utt077.wav,4.6895719085981264
sys020,utt262,wav/vmc2026-track3-sys020-utt262.wav,wav/vmc2026-track3-sys019-utt261.wav,3.9450922975389187
sys017,utt148,wav/vmc2026-track3-sys017-utt148.wav,wav/vmc2026-track3-sys019-utt147.wav,3.546048295947099
sys012,utt102,wav/vmc2026-track3-sys012-utt102.wav,wav/vmc2026-track3-sys019-utt101.wav,4.0932662660845205
sys011,utt304,wav/vmc2026-track3-sys011-utt304.wav,wav/vmc2026-track3-sys019-utt303.wav,4.22222343265918
sys009,utt070,wav/vmc2026-track3-sys009-utt070.wav,wav/vmc2026-track3-sys019-utt069.wav,4.371850418699558
sys018,utt156,wav/vmc2026-track3-sys018-utt156.wav,wav/vmc2026-track3-sys019-utt155.wav,4.298907336874799
sys007,utt272,wav/vmc2026-track3-sys007-utt272.wav,wav/vmc2026-track3-sys019-utt271.wav,4.095602249003344
sys012,utt318,wav/vmc2026-track3-sys012-utt318.wav,wav/vmc2026-track3-sys019-utt317.wav,4.014957853078615
sys025,utt308,wav/vmc2026-track3-sys025-utt308.wav,wav/vmc2026-track3-sys019-utt307.wav,4.138516043245678
sys001,utt038,wav/vmc2026-track3-sys001-utt038.wav,wav/vmc2026-track3-sys019-utt037.wav,4.046227432448914
sys023,utt062,wav/vmc2026-track3-sys023-utt062.wav,wav/vmc2026-track3-sys019-utt061.wav,3.8234063740734348
sys007,utt218,wav/vmc2026-track3-sys007-utt218.wav,wav/vmc2026-track3-sys019-utt217.wav,4.497929913461753
sys013,utt214,wav/vmc2026-track3-sys013-utt214.wav,wav/vmc2026-track3-sys019-utt213.wav,4.251438087163383
sys011,utt178,wav/vmc2026-track3-sys011-utt178.wav,wav/vmc2026-track3-sys019-utt177.wav,4.496382275907788
sys020,utt186,wav/vmc2026-track3-sys020-utt186.wav,wav/vmc2026-track3-sys019-utt185.wav,3.535061280727867
sys002,utt042,wav/vmc2026-track3-sys002-utt042.wav,wav/vmc2026-track3-sys019-utt041.wav,4.248194821445546
sys001,utt130,wav/vmc2026-track3-sys001-utt130.wav,wav/vmc2026-track3-sys019-utt129.wav,4.4401401536394935
sys013,utt148,wav/vmc2026-track3-sys013-utt148.wav,wav/vmc2026-track3-sys019-utt147.wav,3.7959632282622544
sys010,utt318,wav/vmc2026-track3-sys010-utt318.wav,wav/vmc2026-track3-sys019-utt317.wav,4.05115418090845
sys016,utt302,wav/vmc2026-track3-sys016-utt302.wav,wav/vmc2026-track3-sys019-utt301.wav,4.2938930208853865
sys010,utt236,wav/vmc2026-track3-sys010-utt236.wav,wav/vmc2026-track3-sys019-utt235.wav,3.6437286637328015
sys026,utt298,wav/vmc2026-track3-sys026-utt298.wav,wav/vmc2026-track3-sys019-utt297.wav,3.7938360848397816
sys013,utt068,wav/vmc2026-track3-sys013-utt068.wav,wav/vmc2026-track3-sys019-utt067.wav,3.9286602316587116
sys013,utt184,wav/vmc2026-track3-sys013-utt184.wav,wav/vmc2026-track3-sys019-utt183.wav,4.011227858259299
sys002,utt200,wav/vmc2026-track3-sys002-utt200.wav,wav/vmc2026-track3-sys019-utt199.wav,4.636634988493067
sys005,utt228,wav/vmc2026-track3-sys005-utt228.wav,wav/vmc2026-track3-sys019-utt227.wav,3.923829733133544
sys026,utt286,wav/vmc2026-track3-sys026-utt286.wav,wav/vmc2026-track3-sys019-utt285.wav,3.604375995184774
sys010,utt244,wav/vmc2026-track3-sys010-utt244.wav,wav/vmc2026-track3-sys019-utt243.wav,4.141173826803279
sys014,utt280,wav/vmc2026-track3-sys014-utt280.wav,wav/vmc2026-track3-sys019-utt279.wav,4.857401505906526
sys001,utt174,wav/vmc2026-track3-sys001-utt174.wav,wav/vmc2026-track3-sys019-utt173.wav,3.9093141347691738
sys012,utt248,wav/vmc2026-track3-sys012-utt248.wav,wav/vmc2026-track3-sys019-utt247.wav,4.067992194596554
sys025,utt184,wav/vmc2026-track3-sys025-utt184.wav,wav/vmc2026-track3-sys019-utt183.wav,4.095256945266432
sys024,utt270,wav/vmc2026-track3-sys024-utt270.wav,wav/vmc2026-track3-sys019-utt269.wav,4.290997230215896
sys010,utt004,wav/vmc2026-track3-sys010-utt004.wav,wav/vmc2026-track3-sys019-utt003.wav,4.035158182525011
sys018,utt044,wav/vmc2026-track3-sys018-utt044.wav,wav/vmc2026-track3-sys019-utt043.wav,3.2586783934746624
sys012,utt106,wav/vmc2026-track3-sys012-utt106.wav,wav/vmc2026-track3-sys019-utt105.wav,3.9228513572347086
sys013,utt236,wav/vmc2026-track3-sys013-utt236.wav,wav/vmc2026-track3-sys019-utt235.wav,3.9467973892410395
sys007,utt102,wav/vmc2026-track3-sys007-utt102.wav,wav/vmc2026-track3-sys019-utt101.wav,4.066348762086646
sys007,utt078,wav/vmc2026-track3-sys007-utt078.wav,wav/vmc2026-track3-sys019-utt077.wav,4.113609103644126
sys024,utt078,wav/vmc2026-track3-sys024-utt078.wav,wav/vmc2026-track3-sys019-utt077.wav,4.200386972469591
sys016,utt016,wav/vmc2026-track3-sys016-utt016.wav,wav/vmc2026-track3-sys019-utt015.wav,3.9903488864543184
sys011,utt082,wav/vmc2026-track3-sys011-utt082.wav,wav/vmc2026-track3-sys019-utt081.wav,4.130688673677912
sys014,utt116,wav/vmc2026-track3-sys014-utt116.wav,wav/vmc2026-track3-sys019-utt115.wav,4.05951106633924
sys026,utt076,wav/vmc2026-track3-sys026-utt076.wav,wav/vmc2026-track3-sys019-utt075.wav,4.0065721306175215
sys005,utt108,wav/vmc2026-track3-sys005-utt108.wav,wav/vmc2026-track3-sys019-utt107.wav,4.0179559130384375
sys008,utt174,wav/vmc2026-track3-sys008-utt174.wav,wav/vmc2026-track3-sys019-utt173.wav,3.9281874584284417
sys001,utt152,wav/vmc2026-track3-sys001-utt152.wav,wav/vmc2026-track3-sys019-utt151.wav,4.2889684980073
sys002,utt028,wav/vmc2026-track3-sys002-utt028.wav,wav/vmc2026-track3-sys019-utt027.wav,4.1000871396151926
sys024,utt302,wav/vmc2026-track3-sys024-utt302.wav,wav/vmc2026-track3-sys019-utt301.wav,3.8125096795504496
sys023,utt274,wav/vmc2026-track3-sys023-utt274.wav,wav/vmc2026-track3-sys019-utt273.wav,3.205878860502782
sys011,utt160,wav/vmc2026-track3-sys011-utt160.wav,wav/vmc2026-track3-sys019-utt159.wav,4.486725656259547
sys011,utt020,wav/vmc2026-track3-sys011-utt020.wav,wav/vmc2026-track3-sys019-utt019.wav,4.339611113337106
sys017,utt140,wav/vmc2026-track3-sys017-utt140.wav,wav/vmc2026-track3-sys019-utt139.wav,3.68875009036034
sys007,utt104,wav/vmc2026-track3-sys007-utt104.wav,wav/vmc2026-track3-sys019-utt103.wav,4.239229947023054
sys013,utt282,wav/vmc2026-track3-sys013-utt282.wav,wav/vmc2026-track3-sys019-utt281.wav,4.0129045629764155
sys011,utt204,wav/vmc2026-track3-sys011-utt204.wav,wav/vmc2026-track3-sys019-utt203.wav,4.155683398057607
sys025,utt218,wav/vmc2026-track3-sys025-utt218.wav,wav/vmc2026-track3-sys019-utt217.wav,4.242485774646693
sys008,utt290,wav/vmc2026-track3-sys008-utt290.wav,wav/vmc2026-track3-sys019-utt289.wav,4.345252415534286
sys018,utt130,wav/vmc2026-track3-sys018-utt130.wav,wav/vmc2026-track3-sys019-utt129.wav,4.01993781918068
sys002,utt154,wav/vmc2026-track3-sys002-utt154.wav,wav/vmc2026-track3-sys019-utt153.wav,4.221488415649201
sys024,utt128,wav/vmc2026-track3-sys024-utt128.wav,wav/vmc2026-track3-sys019-utt127.wav,4.000663960719623
sys012,utt276,wav/vmc2026-track3-sys012-utt276.wav,wav/vmc2026-track3-sys019-utt275.wav,3.784818252266756
sys001,utt024,wav/vmc2026-track3-sys001-utt024.wav,wav/vmc2026-track3-sys019-utt023.wav,4.039628813722813
sys014,utt110,wav/vmc2026-track3-sys014-utt110.wav,wav/vmc2026-track3-sys019-utt109.wav,4.5655640146945045
sys002,utt218,wav/vmc2026-track3-sys002-utt218.wav,wav/vmc2026-track3-sys019-utt217.wav,4.538757269146722
sys022,utt222,wav/vmc2026-track3-sys022-utt222.wav,wav/vmc2026-track3-sys019-utt221.wav,3.866751704785263
sys023,utt150,wav/vmc2026-track3-sys023-utt150.wav,wav/vmc2026-track3-sys019-utt149.wav,3.7532903097418138
sys007,utt024,wav/vmc2026-track3-sys007-utt024.wav,wav/vmc2026-track3-sys019-utt023.wav,3.7864279426210756
sys020,utt036,wav/vmc2026-track3-sys020-utt036.wav,wav/vmc2026-track3-sys019-utt035.wav,3.2603727572789496
sys009,utt248,wav/vmc2026-track3-sys009-utt248.wav,wav/vmc2026-track3-sys019-utt247.wav,4.835685797668524
sys008,utt314,wav/vmc2026-track3-sys008-utt314.wav,wav/vmc2026-track3-sys019-utt313.wav,4.202389656122117
sys018,utt028,wav/vmc2026-track3-sys018-utt028.wav,wav/vmc2026-track3-sys019-utt027.wav,4.003120881165458
sys025,utt314,wav/vmc2026-track3-sys025-utt314.wav,wav/vmc2026-track3-sys019-utt313.wav,3.7922944209091063
sys007,utt018,wav/vmc2026-track3-sys007-utt018.wav,wav/vmc2026-track3-sys019-utt017.wav,4.158331427289056
sys016,utt320,wav/vmc2026-track3-sys016-utt320.wav,wav/vmc2026-track3-sys019-utt319.wav,3.6083727202812583
sys022,utt082,wav/vmc2026-track3-sys022-utt082.wav,wav/vmc2026-track3-sys019-utt081.wav,3.45054357591491
sys009,utt036,wav/vmc2026-track3-sys009-utt036.wav,wav/vmc2026-track3-sys019-utt035.wav,3.534095695925327
sys022,utt210,wav/vmc2026-track3-sys022-utt210.wav,wav/vmc2026-track3-sys019-utt209.wav,3.7085635389087392
sys022,utt130,wav/vmc2026-track3-sys022-utt130.wav,wav/vmc2026-track3-sys019-utt129.wav,4.0369220695084085
sys018,utt134,wav/vmc2026-track3-sys018-utt134.wav,wav/vmc2026-track3-sys019-utt133.wav,2.9006051872963106
sys024,utt314,wav/vmc2026-track3-sys024-utt314.wav,wav/vmc2026-track3-sys019-utt313.wav,3.7473338723025407
sys007,utt202,wav/vmc2026-track3-sys007-utt202.wav,wav/vmc2026-track3-sys019-utt201.wav,4.156479410468763
sys008,utt208,wav/vmc2026-track3-sys008-utt208.wav,wav/vmc2026-track3-sys019-utt207.wav,4.347643173581413
sys013,utt216,wav/vmc2026-track3-sys013-utt216.wav,wav/vmc2026-track3-sys019-utt215.wav,4.491268002082876
sys018,utt160,wav/vmc2026-track3-sys018-utt160.wav,wav/vmc2026-track3-sys019-utt159.wav,4.218059503857824
sys022,utt112,wav/vmc2026-track3-sys022-utt112.wav,wav/vmc2026-track3-sys019-utt111.wav,3.6479680743959824
sys011,utt036,wav/vmc2026-track3-sys011-utt036.wav,wav/vmc2026-track3-sys019-utt035.wav,3.715312319354634
sys018,utt238,wav/vmc2026-track3-sys018-utt238.wav,wav/vmc2026-track3-sys019-utt237.wav,3.9582005782204956
sys026,utt294,wav/vmc2026-track3-sys026-utt294.wav,wav/vmc2026-track3-sys019-utt293.wav,4.0019516319923865
sys005,utt246,wav/vmc2026-track3-sys005-utt246.wav,wav/vmc2026-track3-sys019-utt245.wav,3.670085004330032
sys018,utt172,wav/vmc2026-track3-sys018-utt172.wav,wav/vmc2026-track3-sys019-utt171.wav,3.5737075454299583
sys006,utt112,wav/vmc2026-track3-sys006-utt112.wav,wav/vmc2026-track3-sys019-utt111.wav,4.076688484524379
sys008,utt272,wav/vmc2026-track3-sys008-utt272.wav,wav/vmc2026-track3-sys019-utt271.wav,4.606175777633231
sys023,utt316,wav/vmc2026-track3-sys023-utt316.wav,wav/vmc2026-track3-sys019-utt315.wav,4.095690430996128
sys002,utt036,wav/vmc2026-track3-sys002-utt036.wav,wav/vmc2026-track3-sys019-utt035.wav,3.7565849559957902
sys006,utt274,wav/vmc2026-track3-sys006-utt274.wav,wav/vmc2026-track3-sys019-utt273.wav,4.732108576067377
sys022,utt172,wav/vmc2026-track3-sys022-utt172.wav,wav/vmc2026-track3-sys019-utt171.wav,3.2899887451414696
sys001,utt128,wav/vmc2026-track3-sys001-utt128.wav,wav/vmc2026-track3-sys019-utt127.wav,4.1797041535966635
sys010,utt106,wav/vmc2026-track3-sys010-utt106.wav,wav/vmc2026-track3-sys019-utt105.wav,3.923731394174257
sys023,utt080,wav/vmc2026-track3-sys023-utt080.wav,wav/vmc2026-track3-sys019-utt079.wav,3.7517446650735575
sys009,utt146,wav/vmc2026-track3-sys009-utt146.wav,wav/vmc2026-track3-sys019-utt145.wav,3.902969278621134
sys017,utt314,wav/vmc2026-track3-sys017-utt314.wav,wav/vmc2026-track3-sys019-utt313.wav,3.949621161657743
sys010,utt248,wav/vmc2026-track3-sys010-utt248.wav,wav/vmc2026-track3-sys019-utt247.wav,4.528076734425319
sys008,utt212,wav/vmc2026-track3-sys008-utt212.wav,wav/vmc2026-track3-sys019-utt211.wav,4.369738248663167
sys022,utt108,wav/vmc2026-track3-sys022-utt108.wav,wav/vmc2026-track3-sys019-utt107.wav,3.6129859389653025
sys017,utt004,wav/vmc2026-track3-sys017-utt004.wav,wav/vmc2026-track3-sys019-utt003.wav,4.28237331500906
sys022,utt024,wav/vmc2026-track3-sys022-utt024.wav,wav/vmc2026-track3-sys019-utt023.wav,4.026815752326452
sys001,utt146,wav/vmc2026-track3-sys001-utt146.wav,wav/vmc2026-track3-sys019-utt145.wav,4.128766454732066
sys026,utt070,wav/vmc2026-track3-sys026-utt070.wav,wav/vmc2026-track3-sys019-utt069.wav,3.8032392755323725
sys024,utt068,wav/vmc2026-track3-sys024-utt068.wav,wav/vmc2026-track3-sys019-utt067.wav,4.0754225866442555
sys009,utt230,wav/vmc2026-track3-sys009-utt230.wav,wav/vmc2026-track3-sys019-utt229.wav,4.436764084256095
sys010,utt050,wav/vmc2026-track3-sys010-utt050.wav,wav/vmc2026-track3-sys019-utt049.wav,3.7803769064183324
sys018,utt030,wav/vmc2026-track3-sys018-utt030.wav,wav/vmc2026-track3-sys019-utt029.wav,3.8960092072039876
sys018,utt122,wav/vmc2026-track3-sys018-utt122.wav,wav/vmc2026-track3-sys019-utt121.wav,3.81099008581787
sys016,utt300,wav/vmc2026-track3-sys016-utt300.wav,wav/vmc2026-track3-sys019-utt299.wav,4.232325016301181
sys025,utt154,wav/vmc2026-track3-sys025-utt154.wav,wav/vmc2026-track3-sys019-utt153.wav,4.30241396720799
sys025,utt228,wav/vmc2026-track3-sys025-utt228.wav,wav/vmc2026-track3-sys019-utt227.wav,4.03679727136842
sys024,utt244,wav/vmc2026-track3-sys024-utt244.wav,wav/vmc2026-track3-sys019-utt243.wav,4.196006018403923
sys013,utt158,wav/vmc2026-track3-sys013-utt158.wav,wav/vmc2026-track3-sys019-utt157.wav,4.433107312884092
sys008,utt200,wav/vmc2026-track3-sys008-utt200.wav,wav/vmc2026-track3-sys019-utt199.wav,4.954157503517696
sys022,utt176,wav/vmc2026-track3-sys022-utt176.wav,wav/vmc2026-track3-sys019-utt175.wav,3.2547377436906006
sys013,utt268,wav/vmc2026-track3-sys013-utt268.wav,wav/vmc2026-track3-sys019-utt267.wav,4.0782376469450075
sys013,utt180,wav/vmc2026-track3-sys013-utt180.wav,wav/vmc2026-track3-sys019-utt179.wav,3.7579209985945408
sys005,utt302,wav/vmc2026-track3-sys005-utt302.wav,wav/vmc2026-track3-sys019-utt301.wav,3.8732357983760948
sys025,utt208,wav/vmc2026-track3-sys025-utt208.wav,wav/vmc2026-track3-sys019-utt207.wav,3.784300454529567
sys023,utt304,wav/vmc2026-track3-sys023-utt304.wav,wav/vmc2026-track3-sys019-utt303.wav,4.18674391881974
sys020,utt300,wav/vmc2026-track3-sys020-utt300.wav,wav/vmc2026-track3-sys019-utt299.wav,3.5502151563351316
sys006,utt144,wav/vmc2026-track3-sys006-utt144.wav,wav/vmc2026-track3-sys019-utt143.wav,3.9067255243755334
sys024,utt088,wav/vmc2026-track3-sys024-utt088.wav,wav/vmc2026-track3-sys019-utt087.wav,3.95174746914994
sys010,utt012,wav/vmc2026-track3-sys010-utt012.wav,wav/vmc2026-track3-sys019-utt011.wav,4.155151615090525
sys005,utt008,wav/vmc2026-track3-sys005-utt008.wav,wav/vmc2026-track3-sys019-utt007.wav,3.776732462128296
sys007,utt312,wav/vmc2026-track3-sys007-utt312.wav,wav/vmc2026-track3-sys019-utt311.wav,3.8789571684513082
sys012,utt174,wav/vmc2026-track3-sys012-utt174.wav,wav/vmc2026-track3-sys019-utt173.wav,3.123137580896137
sys011,utt224,wav/vmc2026-track3-sys011-utt224.wav,wav/vmc2026-track3-sys019-utt223.wav,4.685859394652419
sys009,utt178,wav/vmc2026-track3-sys009-utt178.wav,wav/vmc2026-track3-sys019-utt177.wav,3.955625509580203
sys005,utt068,wav/vmc2026-track3-sys005-utt068.wav,wav/vmc2026-track3-sys019-utt067.wav,3.636492339808425
sys007,utt306,wav/vmc2026-track3-sys007-utt306.wav,wav/vmc2026-track3-sys019-utt305.wav,4.38405435864087
sys013,utt202,wav/vmc2026-track3-sys013-utt202.wav,wav/vmc2026-track3-sys019-utt201.wav,3.834510379542675
sys014,utt296,wav/vmc2026-track3-sys014-utt296.wav,wav/vmc2026-track3-sys019-utt295.wav,4.935043072377838
sys014,utt144,wav/vmc2026-track3-sys014-utt144.wav,wav/vmc2026-track3-sys019-utt143.wav,3.914565731566895
sys008,utt048,wav/vmc2026-track3-sys008-utt048.wav,wav/vmc2026-track3-sys019-utt047.wav,4.730274996793508
sys007,utt198,wav/vmc2026-track3-sys007-utt198.wav,wav/vmc2026-track3-sys019-utt197.wav,4.415704378309692
sys018,utt116,wav/vmc2026-track3-sys018-utt116.wav,wav/vmc2026-track3-sys019-utt115.wav,3.6608620975856034
sys016,utt014,wav/vmc2026-track3-sys016-utt014.wav,wav/vmc2026-track3-sys019-utt013.wav,3.9414510417686084
sys010,utt178,wav/vmc2026-track3-sys010-utt178.wav,wav/vmc2026-track3-sys019-utt177.wav,3.6522929468627696
sys023,utt046,wav/vmc2026-track3-sys023-utt046.wav,wav/vmc2026-track3-sys019-utt045.wav,4.124776728186923
sys014,utt004,wav/vmc2026-track3-sys014-utt004.wav,wav/vmc2026-track3-sys019-utt003.wav,4.551758322362162
sys020,utt152,wav/vmc2026-track3-sys020-utt152.wav,wav/vmc2026-track3-sys019-utt151.wav,3.8210116616994876
sys025,utt004,wav/vmc2026-track3-sys025-utt004.wav,wav/vmc2026-track3-sys019-utt003.wav,3.871885773453069
sys010,utt090,wav/vmc2026-track3-sys010-utt090.wav,wav/vmc2026-track3-sys019-utt089.wav,3.1998172103605955
sys013,utt294,wav/vmc2026-track3-sys013-utt294.wav,wav/vmc2026-track3-sys019-utt293.wav,4.117552529324653
sys016,utt010,wav/vmc2026-track3-sys016-utt010.wav,wav/vmc2026-track3-sys019-utt009.wav,4.2127991499943045
sys007,utt076,wav/vmc2026-track3-sys007-utt076.wav,wav/vmc2026-track3-sys019-utt075.wav,3.911286380388256
sys020,utt318,wav/vmc2026-track3-sys020-utt318.wav,wav/vmc2026-track3-sys019-utt317.wav,3.676175620823441
sys006,utt244,wav/vmc2026-track3-sys006-utt244.wav,wav/vmc2026-track3-sys019-utt243.wav,4.644801477437896
sys009,utt072,wav/vmc2026-track3-sys009-utt072.wav,wav/vmc2026-track3-sys019-utt071.wav,4.0224700681328125
sys024,utt048,wav/vmc2026-track3-sys024-utt048.wav,wav/vmc2026-track3-sys019-utt047.wav,4.273572756002548
sys005,utt316,wav/vmc2026-track3-sys005-utt316.wav,wav/vmc2026-track3-sys019-utt315.wav,3.5534490899135402
sys022,utt122,wav/vmc2026-track3-sys022-utt122.wav,wav/vmc2026-track3-sys019-utt121.wav,3.796109471570856
sys014,utt106,wav/vmc2026-track3-sys014-utt106.wav,wav/vmc2026-track3-sys019-utt105.wav,4.245174316753166
sys011,utt132,wav/vmc2026-track3-sys011-utt132.wav,wav/vmc2026-track3-sys019-utt131.wav,4.0564499078680125
sys006,utt194,wav/vmc2026-track3-sys006-utt194.wav,wav/vmc2026-track3-sys019-utt193.wav,4.8526812696649735
sys011,utt276,wav/vmc2026-track3-sys011-utt276.wav,wav/vmc2026-track3-sys019-utt275.wav,4.400110966106505
sys006,utt208,wav/vmc2026-track3-sys006-utt208.wav,wav/vmc2026-track3-sys019-utt207.wav,4.276284939340264
sys022,utt068,wav/vmc2026-track3-sys022-utt068.wav,wav/vmc2026-track3-sys019-utt067.wav,3.737596993007705
sys014,utt202,wav/vmc2026-track3-sys014-utt202.wav,wav/vmc2026-track3-sys019-utt201.wav,4.218991312811817
sys017,utt132,wav/vmc2026-track3-sys017-utt132.wav,wav/vmc2026-track3-sys019-utt131.wav,3.750976591948518
sys023,utt034,wav/vmc2026-track3-sys023-utt034.wav,wav/vmc2026-track3-sys019-utt033.wav,3.9816710251715577
sys002,utt312,wav/vmc2026-track3-sys002-utt312.wav,wav/vmc2026-track3-sys019-utt311.wav,4.192955151910774
sys010,utt156,wav/vmc2026-track3-sys010-utt156.wav,wav/vmc2026-track3-sys019-utt155.wav,4.326882087768814
sys026,utt046,wav/vmc2026-track3-sys026-utt046.wav,wav/vmc2026-track3-sys019-utt045.wav,4.081269214665706
sys010,utt182,wav/vmc2026-track3-sys010-utt182.wav,wav/vmc2026-track3-sys019-utt181.wav,3.8104703343311725
sys007,utt068,wav/vmc2026-track3-sys007-utt068.wav,wav/vmc2026-track3-sys019-utt067.wav,3.9396678874480355
sys008,utt300,wav/vmc2026-track3-sys008-utt300.wav,wav/vmc2026-track3-sys019-utt299.wav,4.845940222954512
sys018,utt204,wav/vmc2026-track3-sys018-utt204.wav,wav/vmc2026-track3-sys019-utt203.wav,3.427583303275655
sys017,utt216,wav/vmc2026-track3-sys017-utt216.wav,wav/vmc2026-track3-sys019-utt215.wav,4.252517802881568
sys025,utt212,wav/vmc2026-track3-sys025-utt212.wav,wav/vmc2026-track3-sys019-utt211.wav,3.7379331792556254
sys016,utt174,wav/vmc2026-track3-sys016-utt174.wav,wav/vmc2026-track3-sys019-utt173.wav,3.6286226691465373
sys016,utt042,wav/vmc2026-track3-sys016-utt042.wav,wav/vmc2026-track3-sys019-utt041.wav,4.359710817531177
sys013,utt112,wav/vmc2026-track3-sys013-utt112.wav,wav/vmc2026-track3-sys019-utt111.wav,3.8279955445315834
sys005,utt090,wav/vmc2026-track3-sys005-utt090.wav,wav/vmc2026-track3-sys019-utt089.wav,3.471159130760052
sys024,utt064,wav/vmc2026-track3-sys024-utt064.wav,wav/vmc2026-track3-sys019-utt063.wav,3.663619875168781
sys025,utt008,wav/vmc2026-track3-sys025-utt008.wav,wav/vmc2026-track3-sys019-utt007.wav,3.9828853725233526
sys026,utt264,wav/vmc2026-track3-sys026-utt264.wav,wav/vmc2026-track3-sys019-utt263.wav,3.7894883015813177
sys022,utt116,wav/vmc2026-track3-sys022-utt116.wav,wav/vmc2026-track3-sys019-utt115.wav,2.918462655484157
sys016,utt030,wav/vmc2026-track3-sys016-utt030.wav,wav/vmc2026-track3-sys019-utt029.wav,4.081614836139899
sys006,utt132,wav/vmc2026-track3-sys006-utt132.wav,wav/vmc2026-track3-sys019-utt131.wav,3.9990931219925616
sys020,utt150,wav/vmc2026-track3-sys020-utt150.wav,wav/vmc2026-track3-sys019-utt149.wav,3.5137879697939307
sys020,utt290,wav/vmc2026-track3-sys020-utt290.wav,wav/vmc2026-track3-sys019-utt289.wav,3.596284427160136
sys005,utt216,wav/vmc2026-track3-sys005-utt216.wav,wav/vmc2026-track3-sys019-utt215.wav,4.245791418704287
sys017,utt022,wav/vmc2026-track3-sys017-utt022.wav,wav/vmc2026-track3-sys019-utt021.wav,4.023457595549406
sys020,utt088,wav/vmc2026-track3-sys020-utt088.wav,wav/vmc2026-track3-sys019-utt087.wav,3.374971887711303
sys016,utt088,wav/vmc2026-track3-sys016-utt088.wav,wav/vmc2026-track3-sys019-utt087.wav,3.3737983370185103
sys017,utt220,wav/vmc2026-track3-sys017-utt220.wav,wav/vmc2026-track3-sys019-utt219.wav,3.859227217807274
sys011,utt308,wav/vmc2026-track3-sys011-utt308.wav,wav/vmc2026-track3-sys019-utt307.wav,4.43308642654572
sys025,utt072,wav/vmc2026-track3-sys025-utt072.wav,wav/vmc2026-track3-sys019-utt071.wav,3.5158247087888856
sys002,utt084,wav/vmc2026-track3-sys002-utt084.wav,wav/vmc2026-track3-sys019-utt083.wav,3.607260917521558
sys018,utt272,wav/vmc2026-track3-sys018-utt272.wav,wav/vmc2026-track3-sys019-utt271.wav,4.006981636145945
sys006,utt158,wav/vmc2026-track3-sys006-utt158.wav,wav/vmc2026-track3-sys019-utt157.wav,4.796574795539996
sys006,utt248,wav/vmc2026-track3-sys006-utt248.wav,wav/vmc2026-track3-sys019-utt247.wav,4.930046972095696
sys007,utt226,wav/vmc2026-track3-sys007-utt226.wav,wav/vmc2026-track3-sys019-utt225.wav,4.384390483727922
sys009,utt276,wav/vmc2026-track3-sys009-utt276.wav,wav/vmc2026-track3-sys019-utt275.wav,4.431767168898578
sys006,utt178,wav/vmc2026-track3-sys006-utt178.wav,wav/vmc2026-track3-sys019-utt177.wav,4.262834965058337
sys001,utt268,wav/vmc2026-track3-sys001-utt268.wav,wav/vmc2026-track3-sys019-utt267.wav,4.280024549486198
sys017,utt036,wav/vmc2026-track3-sys017-utt036.wav,wav/vmc2026-track3-sys019-utt035.wav,3.520454080227096
sys009,utt114,wav/vmc2026-track3-sys009-utt114.wav,wav/vmc2026-track3-sys019-utt113.wav,3.366616878901254
sys024,utt138,wav/vmc2026-track3-sys024-utt138.wav,wav/vmc2026-track3-sys019-utt137.wav,3.8656150404067247
sys017,utt020,wav/vmc2026-track3-sys017-utt020.wav,wav/vmc2026-track3-sys019-utt019.wav,4.166090008797658
sys001,utt072,wav/vmc2026-track3-sys001-utt072.wav,wav/vmc2026-track3-sys019-utt071.wav,4.058780810861387
sys025,utt294,wav/vmc2026-track3-sys025-utt294.wav,wav/vmc2026-track3-sys019-utt293.wav,3.9176314047319405
sys016,utt152,wav/vmc2026-track3-sys016-utt152.wav,wav/vmc2026-track3-sys019-utt151.wav,3.9640033898215705
sys020,utt172,wav/vmc2026-track3-sys020-utt172.wav,wav/vmc2026-track3-sys019-utt171.wav,3.285464611856997
sys011,utt046,wav/vmc2026-track3-sys011-utt046.wav,wav/vmc2026-track3-sys019-utt045.wav,4.419010341612273
sys023,utt174,wav/vmc2026-track3-sys023-utt174.wav,wav/vmc2026-track3-sys019-utt173.wav,3.614898306273235
sys009,utt128,wav/vmc2026-track3-sys009-utt128.wav,wav/vmc2026-track3-sys019-utt127.wav,4.203309308130684
sys024,utt144,wav/vmc2026-track3-sys024-utt144.wav,wav/vmc2026-track3-sys019-utt143.wav,3.511884004201801
sys009,utt320,wav/vmc2026-track3-sys009-utt320.wav,wav/vmc2026-track3-sys019-utt319.wav,4.286452041848129
sys005,utt066,wav/vmc2026-track3-sys005-utt066.wav,wav/vmc2026-track3-sys019-utt065.wav,3.856007176340529
sys020,utt026,wav/vmc2026-track3-sys020-utt026.wav,wav/vmc2026-track3-sys019-utt025.wav,3.476252846192093
sys022,utt090,wav/vmc2026-track3-sys022-utt090.wav,wav/vmc2026-track3-sys019-utt089.wav,3.9724683000884284
sys012,utt246,wav/vmc2026-track3-sys012-utt246.wav,wav/vmc2026-track3-sys019-utt245.wav,3.900315587435196
sys007,utt156,wav/vmc2026-track3-sys007-utt156.wav,wav/vmc2026-track3-sys019-utt155.wav,4.364032517985454
sys026,utt196,wav/vmc2026-track3-sys026-utt196.wav,wav/vmc2026-track3-sys019-utt195.wav,3.998155432061291
sys002,utt144,wav/vmc2026-track3-sys002-utt144.wav,wav/vmc2026-track3-sys019-utt143.wav,3.6082613946799236
sys008,utt114,wav/vmc2026-track3-sys008-utt114.wav,wav/vmc2026-track3-sys019-utt113.wav,3.580025906807561
sys010,utt140,wav/vmc2026-track3-sys010-utt140.wav,wav/vmc2026-track3-sys019-utt139.wav,3.2091377088624444
sys012,utt176,wav/vmc2026-track3-sys012-utt176.wav,wav/vmc2026-track3-sys019-utt175.wav,3.2280746981794057
sys016,utt028,wav/vmc2026-track3-sys016-utt028.wav,wav/vmc2026-track3-sys019-utt027.wav,3.6133560525087964
sys025,utt276,wav/vmc2026-track3-sys025-utt276.wav,wav/vmc2026-track3-sys019-utt275.wav,4.25144302289944
sys012,utt208,wav/vmc2026-track3-sys012-utt208.wav,wav/vmc2026-track3-sys019-utt207.wav,3.637740341714781
sys008,utt196,wav/vmc2026-track3-sys008-utt196.wav,wav/vmc2026-track3-sys019-utt195.wav,4.855727843942519
sys008,utt204,wav/vmc2026-track3-sys008-utt204.wav,wav/vmc2026-track3-sys019-utt203.wav,4.185813587793881
sys005,utt290,wav/vmc2026-track3-sys005-utt290.wav,wav/vmc2026-track3-sys019-utt289.wav,3.536147264028548
sys017,utt158,wav/vmc2026-track3-sys017-utt158.wav,wav/vmc2026-track3-sys019-utt157.wav,4.472928521700391
sys002,utt068,wav/vmc2026-track3-sys002-utt068.wav,wav/vmc2026-track3-sys019-utt067.wav,3.987789469025763
sys009,utt198,wav/vmc2026-track3-sys009-utt198.wav,wav/vmc2026-track3-sys019-utt197.wav,4.625780269447729
sys025,utt246,wav/vmc2026-track3-sys025-utt246.wav,wav/vmc2026-track3-sys019-utt245.wav,3.851816095599437
sys001,utt186,wav/vmc2026-track3-sys001-utt186.wav,wav/vmc2026-track3-sys019-utt185.wav,4.2538426347835845
sys014,utt082,wav/vmc2026-track3-sys014-utt082.wav,wav/vmc2026-track3-sys019-utt081.wav,4.2913314721351625
sys025,utt138,wav/vmc2026-track3-sys025-utt138.wav,wav/vmc2026-track3-sys019-utt137.wav,3.587325463778229
sys005,utt226,wav/vmc2026-track3-sys005-utt226.wav,wav/vmc2026-track3-sys019-utt225.wav,3.886963509082097
sys016,utt072,wav/vmc2026-track3-sys016-utt072.wav,wav/vmc2026-track3-sys019-utt071.wav,4.195095813272108
sys025,utt266,wav/vmc2026-track3-sys025-utt266.wav,wav/vmc2026-track3-sys019-utt265.wav,3.897817561674087
sys005,utt140,wav/vmc2026-track3-sys005-utt140.wav,wav/vmc2026-track3-sys019-utt139.wav,3.362579679655312
sys012,utt298,wav/vmc2026-track3-sys012-utt298.wav,wav/vmc2026-track3-sys019-utt297.wav,4.001161569377703
sys020,utt230,wav/vmc2026-track3-sys020-utt230.wav,wav/vmc2026-track3-sys019-utt229.wav,3.6602900543713965
sys011,utt280,wav/vmc2026-track3-sys011-utt280.wav,wav/vmc2026-track3-sys019-utt279.wav,4.647295697248005
sys025,utt232,wav/vmc2026-track3-sys025-utt232.wav,wav/vmc2026-track3-sys019-utt231.wav,3.7898901334053012
sys009,utt026,wav/vmc2026-track3-sys009-utt026.wav,wav/vmc2026-track3-sys019-utt025.wav,4.063747967741479
sys008,utt008,wav/vmc2026-track3-sys008-utt008.wav,wav/vmc2026-track3-sys019-utt007.wav,4.511268891078599
sys017,utt012,wav/vmc2026-track3-sys017-utt012.wav,wav/vmc2026-track3-sys019-utt011.wav,4.170392429391178
sys001,utt068,wav/vmc2026-track3-sys001-utt068.wav,wav/vmc2026-track3-sys019-utt067.wav,4.023734294301444
sys018,utt152,wav/vmc2026-track3-sys018-utt152.wav,wav/vmc2026-track3-sys019-utt151.wav,3.7553128003363603
sys014,utt134,wav/vmc2026-track3-sys014-utt134.wav,wav/vmc2026-track3-sys019-utt133.wav,4.220531342094917
sys026,utt064,wav/vmc2026-track3-sys026-utt064.wav,wav/vmc2026-track3-sys019-utt063.wav,3.6457783268397193
sys016,utt204,wav/vmc2026-track3-sys016-utt204.wav,wav/vmc2026-track3-sys019-utt203.wav,3.8972378704600263
sys012,utt306,wav/vmc2026-track3-sys012-utt306.wav,wav/vmc2026-track3-sys019-utt305.wav,3.9067719564668053
sys005,utt282,wav/vmc2026-track3-sys005-utt282.wav,wav/vmc2026-track3-sys019-utt281.wav,3.859789379346656
sys011,utt014,wav/vmc2026-track3-sys011-utt014.wav,wav/vmc2026-track3-sys019-utt013.wav,4.449395894012593
sys025,utt306,wav/vmc2026-track3-sys025-utt306.wav,wav/vmc2026-track3-sys019-utt305.wav,4.190536782625267
sys001,utt182,wav/vmc2026-track3-sys001-utt182.wav,wav/vmc2026-track3-sys019-utt181.wav,4.244833608919765
sys007,utt116,wav/vmc2026-track3-sys007-utt116.wav,wav/vmc2026-track3-sys019-utt115.wav,3.732421127947605
sys025,utt074,wav/vmc2026-track3-sys025-utt074.wav,wav/vmc2026-track3-sys019-utt073.wav,4.014268214829943
sys016,utt314,wav/vmc2026-track3-sys016-utt314.wav,wav/vmc2026-track3-sys019-utt313.wav,3.9056562079902397
sys006,utt148,wav/vmc2026-track3-sys006-utt148.wav,wav/vmc2026-track3-sys019-utt147.wav,4.145082529944784
sys020,utt158,wav/vmc2026-track3-sys020-utt158.wav,wav/vmc2026-track3-sys019-utt157.wav,4.128548038285542
sys013,utt310,wav/vmc2026-track3-sys013-utt310.wav,wav/vmc2026-track3-sys019-utt309.wav,4.2590988211910625
sys005,utt020,wav/vmc2026-track3-sys005-utt020.wav,wav/vmc2026-track3-sys019-utt019.wav,3.683231829668224
sys005,utt230,wav/vmc2026-track3-sys005-utt230.wav,wav/vmc2026-track3-sys019-utt229.wav,3.93509086739368
sys017,utt250,wav/vmc2026-track3-sys017-utt250.wav,wav/vmc2026-track3-sys019-utt249.wav,4.498400350074522
sys020,utt176,wav/vmc2026-track3-sys020-utt176.wav,wav/vmc2026-track3-sys019-utt175.wav,3.1960977885232498
sys006,utt140,wav/vmc2026-track3-sys006-utt140.wav,wav/vmc2026-track3-sys019-utt139.wav,3.5724035617278647
sys011,utt214,wav/vmc2026-track3-sys011-utt214.wav,wav/vmc2026-track3-sys019-utt213.wav,4.433291356063415
sys020,utt082,wav/vmc2026-track3-sys020-utt082.wav,wav/vmc2026-track3-sys019-utt081.wav,3.3030013261647864
sys026,utt124,wav/vmc2026-track3-sys026-utt124.wav,wav/vmc2026-track3-sys019-utt123.wav,3.7851008134179303
sys013,utt292,wav/vmc2026-track3-sys013-utt292.wav,wav/vmc2026-track3-sys019-utt291.wav,4.315814386925733
sys025,utt114,wav/vmc2026-track3-sys025-utt114.wav,wav/vmc2026-track3-sys019-utt113.wav,3.3194959086666502
sys016,utt034,wav/vmc2026-track3-sys016-utt034.wav,wav/vmc2026-track3-sys019-utt033.wav,3.545214199645086
sys002,utt174,wav/vmc2026-track3-sys002-utt174.wav,wav/vmc2026-track3-sys019-utt173.wav,3.5815424076457676
sys013,utt080,wav/vmc2026-track3-sys013-utt080.wav,wav/vmc2026-track3-sys019-utt079.wav,3.9092316220118914
sys013,utt018,wav/vmc2026-track3-sys013-utt018.wav,wav/vmc2026-track3-sys019-utt017.wav,4.147460655384872
sys018,utt310,wav/vmc2026-track3-sys018-utt310.wav,wav/vmc2026-track3-sys019-utt309.wav,3.7566267693410893
sys018,utt148,wav/vmc2026-track3-sys018-utt148.wav,wav/vmc2026-track3-sys019-utt147.wav,3.755609207839722
sys026,utt234,wav/vmc2026-track3-sys026-utt234.wav,wav/vmc2026-track3-sys019-utt233.wav,3.5540733856877056
sys012,utt244,wav/vmc2026-track3-sys012-utt244.wav,wav/vmc2026-track3-sys019-utt243.wav,4.347854982216542
sys002,utt090,wav/vmc2026-track3-sys002-utt090.wav,wav/vmc2026-track3-sys019-utt089.wav,3.631692382349919
sys022,utt062,wav/vmc2026-track3-sys022-utt062.wav,wav/vmc2026-track3-sys019-utt061.wav,3.655906792545662
sys012,utt312,wav/vmc2026-track3-sys012-utt312.wav,wav/vmc2026-track3-sys019-utt311.wav,3.880483389300556
sys010,utt214,wav/vmc2026-track3-sys010-utt214.wav,wav/vmc2026-track3-sys019-utt213.wav,4.138333284176005
sys018,utt078,wav/vmc2026-track3-sys018-utt078.wav,wav/vmc2026-track3-sys019-utt077.wav,4.253814706470836
sys014,utt176,wav/vmc2026-track3-sys014-utt176.wav,wav/vmc2026-track3-sys019-utt175.wav,3.8817083697963204
sys014,utt088,wav/vmc2026-track3-sys014-utt088.wav,wav/vmc2026-track3-sys019-utt087.wav,4.4339485308649635
sys010,utt072,wav/vmc2026-track3-sys010-utt072.wav,wav/vmc2026-track3-sys019-utt071.wav,3.9536784836898518
sys018,utt018,wav/vmc2026-track3-sys018-utt018.wav,wav/vmc2026-track3-sys019-utt017.wav,4.108068414893569
sys022,utt304,wav/vmc2026-track3-sys022-utt304.wav,wav/vmc2026-track3-sys019-utt303.wav,3.9203678234064423
sys016,utt192,wav/vmc2026-track3-sys016-utt192.wav,wav/vmc2026-track3-sys019-utt191.wav,4.014605902409798
sys009,utt154,wav/vmc2026-track3-sys009-utt154.wav,wav/vmc2026-track3-sys019-utt153.wav,4.457473044877342
sys014,utt220,wav/vmc2026-track3-sys014-utt220.wav,wav/vmc2026-track3-sys019-utt219.wav,4.671423375876765
sys014,utt048,wav/vmc2026-track3-sys014-utt048.wav,wav/vmc2026-track3-sys019-utt047.wav,4.7094504946338915
sys022,utt142,wav/vmc2026-track3-sys022-utt142.wav,wav/vmc2026-track3-sys019-utt141.wav,3.7163287199714325
sys008,utt090,wav/vmc2026-track3-sys008-utt090.wav,wav/vmc2026-track3-sys019-utt089.wav,4.293468676985395
sys026,utt038,wav/vmc2026-track3-sys026-utt038.wav,wav/vmc2026-track3-sys019-utt037.wav,3.6529865791173295
sys018,utt222,wav/vmc2026-track3-sys018-utt222.wav,wav/vmc2026-track3-sys019-utt221.wav,3.1862025562328498
sys018,utt198,wav/vmc2026-track3-sys018-utt198.wav,wav/vmc2026-track3-sys019-utt197.wav,3.9300888056795538
sys008,utt018,wav/vmc2026-track3-sys008-utt018.wav,wav/vmc2026-track3-sys019-utt017.wav,4.724782549339762
sys024,utt136,wav/vmc2026-track3-sys024-utt136.wav,wav/vmc2026-track3-sys019-utt135.wav,3.779824420694215
sys013,utt152,wav/vmc2026-track3-sys013-utt152.wav,wav/vmc2026-track3-sys019-utt151.wav,4.291450963503705
sys014,utt044,wav/vmc2026-track3-sys014-utt044.wav,wav/vmc2026-track3-sys019-utt043.wav,4.364324173520627
sys017,utt062,wav/vmc2026-track3-sys017-utt062.wav,wav/vmc2026-track3-sys019-utt061.wav,3.894214921913041
sys014,utt224,wav/vmc2026-track3-sys014-utt224.wav,wav/vmc2026-track3-sys019-utt223.wav,4.6502704982475676
sys022,utt308,wav/vmc2026-track3-sys022-utt308.wav,wav/vmc2026-track3-sys019-utt307.wav,3.3150106973573297
sys018,utt070,wav/vmc2026-track3-sys018-utt070.wav,wav/vmc2026-track3-sys019-utt069.wav,3.6346067447150117
sys009,utt068,wav/vmc2026-track3-sys009-utt068.wav,wav/vmc2026-track3-sys019-utt067.wav,4.267523149056869
sys007,utt230,wav/vmc2026-track3-sys007-utt230.wav,wav/vmc2026-track3-sys019-utt229.wav,4.112034517570296
sys024,utt198,wav/vmc2026-track3-sys024-utt198.wav,wav/vmc2026-track3-sys019-utt197.wav,4.287476139940018
sys007,utt010,wav/vmc2026-track3-sys007-utt010.wav,wav/vmc2026-track3-sys019-utt009.wav,4.1625491500851775
sys016,utt290,wav/vmc2026-track3-sys016-utt290.wav,wav/vmc2026-track3-sys019-utt289.wav,3.631784964562574
sys005,utt034,wav/vmc2026-track3-sys005-utt034.wav,wav/vmc2026-track3-sys019-utt033.wav,3.6943766807692504
sys001,utt234,wav/vmc2026-track3-sys001-utt234.wav,wav/vmc2026-track3-sys019-utt233.wav,3.9634736111638205
sys006,utt152,wav/vmc2026-track3-sys006-utt152.wav,wav/vmc2026-track3-sys019-utt151.wav,4.539821896129641
sys022,utt276,wav/vmc2026-track3-sys022-utt276.wav,wav/vmc2026-track3-sys019-utt275.wav,4.332180395304695
sys026,utt178,wav/vmc2026-track3-sys026-utt178.wav,wav/vmc2026-track3-sys019-utt177.wav,3.6379753842345295
sys024,utt182,wav/vmc2026-track3-sys024-utt182.wav,wav/vmc2026-track3-sys019-utt181.wav,3.932099316160074
sys012,utt066,wav/vmc2026-track3-sys012-utt066.wav,wav/vmc2026-track3-sys019-utt065.wav,4.144416578532858
sys017,utt278,wav/vmc2026-track3-sys017-utt278.wav,wav/vmc2026-track3-sys019-utt277.wav,4.086503989091271
sys010,utt078,wav/vmc2026-track3-sys010-utt078.wav,wav/vmc2026-track3-sys019-utt077.wav,4.199046301850394
sys007,utt150,wav/vmc2026-track3-sys007-utt150.wav,wav/vmc2026-track3-sys019-utt149.wav,3.722371934002057
sys002,utt066,wav/vmc2026-track3-sys002-utt066.wav,wav/vmc2026-track3-sys019-utt065.wav,4.422017577402485
sys013,utt132,wav/vmc2026-track3-sys013-utt132.wav,wav/vmc2026-track3-sys019-utt131.wav,3.793082232908476
sys023,utt198,wav/vmc2026-track3-sys023-utt198.wav,wav/vmc2026-track3-sys019-utt197.wav,4.421361452768786
sys013,utt208,wav/vmc2026-track3-sys013-utt208.wav,wav/vmc2026-track3-sys019-utt207.wav,4.003162178990503
sys011,utt232,wav/vmc2026-track3-sys011-utt232.wav,wav/vmc2026-track3-sys019-utt231.wav,4.374778344263192
sys010,utt184,wav/vmc2026-track3-sys010-utt184.wav,wav/vmc2026-track3-sys019-utt183.wav,3.8279952041052523
sys022,utt232,wav/vmc2026-track3-sys022-utt232.wav,wav/vmc2026-track3-sys019-utt231.wav,3.5929403361232404
sys009,utt012,wav/vmc2026-track3-sys009-utt012.wav,wav/vmc2026-track3-sys019-utt011.wav,4.112577007832575
sys012,utt264,wav/vmc2026-track3-sys012-utt264.wav,wav/vmc2026-track3-sys019-utt263.wav,4.0287462424983245
sys020,utt084,wav/vmc2026-track3-sys020-utt084.wav,wav/vmc2026-track3-sys019-utt083.wav,3.197602449532721
sys024,utt306,wav/vmc2026-track3-sys024-utt306.wav,wav/vmc2026-track3-sys019-utt305.wav,4.129291944419955
sys006,utt020,wav/vmc2026-track3-sys006-utt020.wav,wav/vmc2026-track3-sys019-utt019.wav,4.462774222623221
sys011,utt274,wav/vmc2026-track3-sys011-utt274.wav,wav/vmc2026-track3-sys019-utt273.wav,4.562942539892952
sys010,utt196,wav/vmc2026-track3-sys010-utt196.wav,wav/vmc2026-track3-sys019-utt195.wav,4.092166062208548
sys011,utt130,wav/vmc2026-track3-sys011-utt130.wav,wav/vmc2026-track3-sys019-utt129.wav,4.565714438533012
sys013,utt284,wav/vmc2026-track3-sys013-utt284.wav,wav/vmc2026-track3-sys019-utt283.wav,4.0570125168401825
sys002,utt270,wav/vmc2026-track3-sys002-utt270.wav,wav/vmc2026-track3-sys019-utt269.wav,4.303951489773381
sys002,utt034,wav/vmc2026-track3-sys002-utt034.wav,wav/vmc2026-track3-sys019-utt033.wav,3.8410814342444812
sys023,utt030,wav/vmc2026-track3-sys023-utt030.wav,wav/vmc2026-track3-sys019-utt029.wav,4.262808020651944
sys026,utt102,wav/vmc2026-track3-sys026-utt102.wav,wav/vmc2026-track3-sys019-utt101.wav,4.061808694594741
sys020,utt004,wav/vmc2026-track3-sys020-utt004.wav,wav/vmc2026-track3-sys019-utt003.wav,3.7285354663862877
sys010,utt308,wav/vmc2026-track3-sys010-utt308.wav,wav/vmc2026-track3-sys019-utt307.wav,4.03623200621542
sys012,utt320,wav/vmc2026-track3-sys012-utt320.wav,wav/vmc2026-track3-sys019-utt319.wav,4.140629323524149
sys025,utt268,wav/vmc2026-track3-sys025-utt268.wav,wav/vmc2026-track3-sys019-utt267.wav,4.109411110201587
sys008,utt284,wav/vmc2026-track3-sys008-utt284.wav,wav/vmc2026-track3-sys019-utt283.wav,4.263935082699344
sys002,utt290,wav/vmc2026-track3-sys002-utt290.wav,wav/vmc2026-track3-sys019-utt289.wav,4.1932407013675554
sys016,utt176,wav/vmc2026-track3-sys016-utt176.wav,wav/vmc2026-track3-sys019-utt175.wav,3.3295362997584697
sys013,utt196,wav/vmc2026-track3-sys013-utt196.wav,wav/vmc2026-track3-sys019-utt195.wav,4.2448582865988245
sys010,utt222,wav/vmc2026-track3-sys010-utt222.wav,wav/vmc2026-track3-sys019-utt221.wav,3.8517988307724464
sys020,utt246,wav/vmc2026-track3-sys020-utt246.wav,wav/vmc2026-track3-sys019-utt245.wav,3.7009851414862682
sys009,utt262,wav/vmc2026-track3-sys009-utt262.wav,wav/vmc2026-track3-sys019-utt261.wav,4.367757521359306
sys024,utt224,wav/vmc2026-track3-sys024-utt224.wav,wav/vmc2026-track3-sys019-utt223.wav,4.485284824532494
sys026,utt110,wav/vmc2026-track3-sys026-utt110.wav,wav/vmc2026-track3-sys019-utt109.wav,3.9468402599466286
sys011,utt206,wav/vmc2026-track3-sys011-utt206.wav,wav/vmc2026-track3-sys019-utt205.wav,4.199158636527507
sys016,utt242,wav/vmc2026-track3-sys016-utt242.wav,wav/vmc2026-track3-sys019-utt241.wav,4.2171004580780815
sys007,utt002,wav/vmc2026-track3-sys007-utt002.wav,wav/vmc2026-track3-sys019-utt001.wav,3.925273151167918
sys014,utt026,wav/vmc2026-track3-sys014-utt026.wav,wav/vmc2026-track3-sys019-utt025.wav,4.6570797486875195
sys024,utt026,wav/vmc2026-track3-sys024-utt026.wav,wav/vmc2026-track3-sys019-utt025.wav,3.8258754949050724
sys009,utt220,wav/vmc2026-track3-sys009-utt220.wav,wav/vmc2026-track3-sys019-utt219.wav,4.315713072708889
sys001,utt212,wav/vmc2026-track3-sys001-utt212.wav,wav/vmc2026-track3-sys019-utt211.wav,4.307565636356607
sys014,utt070,wav/vmc2026-track3-sys014-utt070.wav,wav/vmc2026-track3-sys019-utt069.wav,4.582159860533161
sys010,utt068,wav/vmc2026-track3-sys010-utt068.wav,wav/vmc2026-track3-sys019-utt067.wav,3.4886431442185155
sys002,utt228,wav/vmc2026-track3-sys002-utt228.wav,wav/vmc2026-track3-sys019-utt227.wav,4.191751539071245
sys001,utt276,wav/vmc2026-track3-sys001-utt276.wav,wav/vmc2026-track3-sys019-utt275.wav,4.291478276706349
sys002,utt318,wav/vmc2026-track3-sys002-utt318.wav,wav/vmc2026-track3-sys019-utt317.wav,4.565251919739226
sys007,utt318,wav/vmc2026-track3-sys007-utt318.wav,wav/vmc2026-track3-sys019-utt317.wav,4.34497292957667
sys024,utt008,wav/vmc2026-track3-sys024-utt008.wav,wav/vmc2026-track3-sys019-utt007.wav,4.010350039979226
sys009,utt152,wav/vmc2026-track3-sys009-utt152.wav,wav/vmc2026-track3-sys019-utt151.wav,4.485309768124156
sys011,utt226,wav/vmc2026-track3-sys011-utt226.wav,wav/vmc2026-track3-sys019-utt225.wav,4.701563784739804
sys026,utt210,wav/vmc2026-track3-sys026-utt210.wav,wav/vmc2026-track3-sys019-utt209.wav,3.4909405138901897
sys023,utt176,wav/vmc2026-track3-sys023-utt176.wav,wav/vmc2026-track3-sys019-utt175.wav,3.685427462474131
sys026,utt284,wav/vmc2026-track3-sys026-utt284.wav,wav/vmc2026-track3-sys019-utt283.wav,3.85284611203187
sys011,utt248,wav/vmc2026-track3-sys011-utt248.wav,wav/vmc2026-track3-sys019-utt247.wav,4.862570621664612
sys008,utt220,wav/vmc2026-track3-sys008-utt220.wav,wav/vmc2026-track3-sys019-utt219.wav,4.537358347835943
sys024,utt062,wav/vmc2026-track3-sys024-utt062.wav,wav/vmc2026-track3-sys019-utt061.wav,3.7798512290708417
sys018,utt230,wav/vmc2026-track3-sys018-utt230.wav,wav/vmc2026-track3-sys019-utt229.wav,4.1552875730082155
sys008,utt034,wav/vmc2026-track3-sys008-utt034.wav,wav/vmc2026-track3-sys019-utt033.wav,3.9577558657207286
sys005,utt320,wav/vmc2026-track3-sys005-utt320.wav,wav/vmc2026-track3-sys019-utt319.wav,3.906824128205479
sys008,utt032,wav/vmc2026-track3-sys008-utt032.wav,wav/vmc2026-track3-sys019-utt031.wav,3.6679782882070304
sys005,utt006,wav/vmc2026-track3-sys005-utt006.wav,wav/vmc2026-track3-sys019-utt005.wav,3.6885011417629263
sys001,utt148,wav/vmc2026-track3-sys001-utt148.wav,wav/vmc2026-track3-sys019-utt147.wav,4.012852047166476
sys014,utt034,wav/vmc2026-track3-sys014-utt034.wav,wav/vmc2026-track3-sys019-utt033.wav,4.017678307497207
sys022,utt020,wav/vmc2026-track3-sys022-utt020.wav,wav/vmc2026-track3-sys019-utt019.wav,3.7636638819544657
sys026,utt128,wav/vmc2026-track3-sys026-utt128.wav,wav/vmc2026-track3-sys019-utt127.wav,4.0357974199826065
sys010,utt272,wav/vmc2026-track3-sys010-utt272.wav,wav/vmc2026-track3-sys019-utt271.wav,3.8845443755309947
sys016,utt280,wav/vmc2026-track3-sys016-utt280.wav,wav/vmc2026-track3-sys019-utt279.wav,3.7531960526615356
sys024,utt214,wav/vmc2026-track3-sys024-utt214.wav,wav/vmc2026-track3-sys019-utt213.wav,3.9856557906612005
sys007,utt148,wav/vmc2026-track3-sys007-utt148.wav,wav/vmc2026-track3-sys019-utt147.wav,3.70995041725102
sys014,utt032,wav/vmc2026-track3-sys014-utt032.wav,wav/vmc2026-track3-sys019-utt031.wav,3.712700440662783
sys026,utt218,wav/vmc2026-track3-sys026-utt218.wav,wav/vmc2026-track3-sys019-utt217.wav,4.366426751255142
sys022,utt144,wav/vmc2026-track3-sys022-utt144.wav,wav/vmc2026-track3-sys019-utt143.wav,3.2342992566359596
sys016,utt130,wav/vmc2026-track3-sys016-utt130.wav,wav/vmc2026-track3-sys019-utt129.wav,4.02187314874405
sys026,utt184,wav/vmc2026-track3-sys026-utt184.wav,wav/vmc2026-track3-sys019-utt183.wav,3.4924106656522484
sys014,utt198,wav/vmc2026-track3-sys014-utt198.wav,wav/vmc2026-track3-sys019-utt197.wav,4.759537973717048
sys014,utt108,wav/vmc2026-track3-sys014-utt108.wav,wav/vmc2026-track3-sys019-utt107.wav,4.512323992161122
sys017,utt212,wav/vmc2026-track3-sys017-utt212.wav,wav/vmc2026-track3-sys019-utt211.wav,4.477189932741186
sys017,utt292,wav/vmc2026-track3-sys017-utt292.wav,wav/vmc2026-track3-sys019-utt291.wav,4.217666106835728
sys020,utt074,wav/vmc2026-track3-sys020-utt074.wav,wav/vmc2026-track3-sys019-utt073.wav,3.438239999578422
sys011,utt296,wav/vmc2026-track3-sys011-utt296.wav,wav/vmc2026-track3-sys019-utt295.wav,4.708941890363162
sys024,utt294,wav/vmc2026-track3-sys024-utt294.wav,wav/vmc2026-track3-sys019-utt293.wav,4.045260422013686
sys009,utt222,wav/vmc2026-track3-sys009-utt222.wav,wav/vmc2026-track3-sys019-utt221.wav,4.111745610082152
sys025,utt174,wav/vmc2026-track3-sys025-utt174.wav,wav/vmc2026-track3-sys019-utt173.wav,3.4877713055370063
sys026,utt212,wav/vmc2026-track3-sys026-utt212.wav,wav/vmc2026-track3-sys019-utt211.wav,3.8804232796793827
sys001,utt050,wav/vmc2026-track3-sys001-utt050.wav,wav/vmc2026-track3-sys019-utt049.wav,4.474547537634641
sys010,utt018,wav/vmc2026-track3-sys010-utt018.wav,wav/vmc2026-track3-sys019-utt017.wav,4.24332050289842
sys016,utt138,wav/vmc2026-track3-sys016-utt138.wav,wav/vmc2026-track3-sys019-utt137.wav,3.8527996698016937
sys020,utt050,wav/vmc2026-track3-sys020-utt050.wav,wav/vmc2026-track3-sys019-utt049.wav,4.080300250524736
sys007,utt236,wav/vmc2026-track3-sys007-utt236.wav,wav/vmc2026-track3-sys019-utt235.wav,3.9399041289380436
sys011,utt064,wav/vmc2026-track3-sys011-utt064.wav,wav/vmc2026-track3-sys019-utt063.wav,4.173464505577534
sys025,utt134,wav/vmc2026-track3-sys025-utt134.wav,wav/vmc2026-track3-sys019-utt133.wav,3.6869227981561923
sys014,utt124,wav/vmc2026-track3-sys014-utt124.wav,wav/vmc2026-track3-sys019-utt123.wav,4.470887258657068
sys012,utt220,wav/vmc2026-track3-sys012-utt220.wav,wav/vmc2026-track3-sys019-utt219.wav,3.5967312702108267
sys020,utt116,wav/vmc2026-track3-sys020-utt116.wav,wav/vmc2026-track3-sys019-utt115.wav,3.390352933729675
sys018,utt066,wav/vmc2026-track3-sys018-utt066.wav,wav/vmc2026-track3-sys019-utt065.wav,4.029922646324629
sys013,utt276,wav/vmc2026-track3-sys013-utt276.wav,wav/vmc2026-track3-sys019-utt275.wav,4.108483520497401
sys020,utt064,wav/vmc2026-track3-sys020-utt064.wav,wav/vmc2026-track3-sys019-utt063.wav,3.1950222720934693
sys018,utt004,wav/vmc2026-track3-sys018-utt004.wav,wav/vmc2026-track3-sys019-utt003.wav,4.056543259567786
sys023,utt236,wav/vmc2026-track3-sys023-utt236.wav,wav/vmc2026-track3-sys019-utt235.wav,4.09982376059605
sys018,utt120,wav/vmc2026-track3-sys018-utt120.wav,wav/vmc2026-track3-sys019-utt119.wav,3.7810709261109485
sys008,utt250,wav/vmc2026-track3-sys008-utt250.wav,wav/vmc2026-track3-sys019-utt249.wav,4.864903488545201
sys018,utt202,wav/vmc2026-track3-sys018-utt202.wav,wav/vmc2026-track3-sys019-utt201.wav,4.027057819016368
sys001,utt026,wav/vmc2026-track3-sys001-utt026.wav,wav/vmc2026-track3-sys019-utt025.wav,4.159618363807536
sys013,utt150,wav/vmc2026-track3-sys013-utt150.wav,wav/vmc2026-track3-sys019-utt149.wav,3.8965359059888023
sys002,utt136,wav/vmc2026-track3-sys002-utt136.wav,wav/vmc2026-track3-sys019-utt135.wav,4.14313286409097
sys012,utt070,wav/vmc2026-track3-sys012-utt070.wav,wav/vmc2026-track3-sys019-utt069.wav,4.1725259033181645
sys023,utt302,wav/vmc2026-track3-sys023-utt302.wav,wav/vmc2026-track3-sys019-utt301.wav,4.083328226340718
sys011,utt174,wav/vmc2026-track3-sys011-utt174.wav,wav/vmc2026-track3-sys019-utt173.wav,4.088430271662993
sys006,utt184,wav/vmc2026-track3-sys006-utt184.wav,wav/vmc2026-track3-sys019-utt183.wav,4.39846190840894
sys024,utt118,wav/vmc2026-track3-sys024-utt118.wav,wav/vmc2026-track3-sys019-utt117.wav,3.847975610562616
sys022,utt242,wav/vmc2026-track3-sys022-utt242.wav,wav/vmc2026-track3-sys019-utt241.wav,3.828882985374144
sys011,utt200,wav/vmc2026-track3-sys011-utt200.wav,wav/vmc2026-track3-sys019-utt199.wav,4.606900785555603
sys023,utt122,wav/vmc2026-track3-sys023-utt122.wav,wav/vmc2026-track3-sys019-utt121.wav,4.1239491211294785
sys013,utt218,wav/vmc2026-track3-sys013-utt218.wav,wav/vmc2026-track3-sys019-utt217.wav,4.518683487501799
sys002,utt278,wav/vmc2026-track3-sys002-utt278.wav,wav/vmc2026-track3-sys019-utt277.wav,4.438601286488213
sys025,utt048,wav/vmc2026-track3-sys025-utt048.wav,wav/vmc2026-track3-sys019-utt047.wav,4.035522028202951
sys018,utt132,wav/vmc2026-track3-sys018-utt132.wav,wav/vmc2026-track3-sys019-utt131.wav,3.630230881560309
sys024,utt022,wav/vmc2026-track3-sys024-utt022.wav,wav/vmc2026-track3-sys019-utt021.wav,3.679042592715073
sys009,utt156,wav/vmc2026-track3-sys009-utt156.wav,wav/vmc2026-track3-sys019-utt155.wav,4.365939423095856
sys011,utt032,wav/vmc2026-track3-sys011-utt032.wav,wav/vmc2026-track3-sys019-utt031.wav,3.6453277185599418
sys012,utt008,wav/vmc2026-track3-sys012-utt008.wav,wav/vmc2026-track3-sys019-utt007.wav,4.354265178974042
sys013,utt198,wav/vmc2026-track3-sys013-utt198.wav,wav/vmc2026-track3-sys019-utt197.wav,4.206674641553601
sys011,utt102,wav/vmc2026-track3-sys011-utt102.wav,wav/vmc2026-track3-sys019-utt101.wav,4.252445927638726
sys022,utt286,wav/vmc2026-track3-sys022-utt286.wav,wav/vmc2026-track3-sys019-utt285.wav,3.5351958530284078
sys024,utt112,wav/vmc2026-track3-sys024-utt112.wav,wav/vmc2026-track3-sys019-utt111.wav,3.508359322347775
sys022,utt078,wav/vmc2026-track3-sys022-utt078.wav,wav/vmc2026-track3-sys019-utt077.wav,4.149348380529664
sys001,utt244,wav/vmc2026-track3-sys001-utt244.wav,wav/vmc2026-track3-sys019-utt243.wav,4.445794059143098
sys025,utt104,wav/vmc2026-track3-sys025-utt104.wav,wav/vmc2026-track3-sys019-utt103.wav,4.14882361906361
sys022,utt284,wav/vmc2026-track3-sys022-utt284.wav,wav/vmc2026-track3-sys019-utt283.wav,3.7273480144930518
sys001,utt176,wav/vmc2026-track3-sys001-utt176.wav,wav/vmc2026-track3-sys019-utt175.wav,3.794146645235571
sys023,utt020,wav/vmc2026-track3-sys023-utt020.wav,wav/vmc2026-track3-sys019-utt019.wav,4.237985085612714
sys018,utt026,wav/vmc2026-track3-sys018-utt026.wav,wav/vmc2026-track3-sys019-utt025.wav,3.8461614308975687
sys022,utt230,wav/vmc2026-track3-sys022-utt230.wav,wav/vmc2026-track3-sys019-utt229.wav,4.0921833537772105
sys005,utt288,wav/vmc2026-track3-sys005-utt288.wav,wav/vmc2026-track3-sys019-utt287.wav,3.440030089489614
sys010,utt194,wav/vmc2026-track3-sys010-utt194.wav,wav/vmc2026-track3-sys019-utt193.wav,4.125307422055438
sys025,utt204,wav/vmc2026-track3-sys025-utt204.wav,wav/vmc2026-track3-sys019-utt203.wav,3.942866784171703
sys009,utt102,wav/vmc2026-track3-sys009-utt102.wav,wav/vmc2026-track3-sys019-utt101.wav,4.549822403187838
sys013,utt128,wav/vmc2026-track3-sys013-utt128.wav,wav/vmc2026-track3-sys019-utt127.wav,4.07618947832332
sys014,utt316,wav/vmc2026-track3-sys014-utt316.wav,wav/vmc2026-track3-sys019-utt315.wav,4.014782640473346
sys001,utt074,wav/vmc2026-track3-sys001-utt074.wav,wav/vmc2026-track3-sys019-utt073.wav,4.274950924165894
sys001,utt022,wav/vmc2026-track3-sys001-utt022.wav,wav/vmc2026-track3-sys019-utt021.wav,3.978183478401438
sys022,utt030,wav/vmc2026-track3-sys022-utt030.wav,wav/vmc2026-track3-sys019-utt029.wav,3.8167072872021723
sys009,utt314,wav/vmc2026-track3-sys009-utt314.wav,wav/vmc2026-track3-sys019-utt313.wav,3.8887916809845775
sys020,utt206,wav/vmc2026-track3-sys020-utt206.wav,wav/vmc2026-track3-sys019-utt205.wav,3.694844659986948
sys007,utt216,wav/vmc2026-track3-sys007-utt216.wav,wav/vmc2026-track3-sys019-utt215.wav,4.436787444587168
sys026,utt014,wav/vmc2026-track3-sys026-utt014.wav,wav/vmc2026-track3-sys019-utt013.wav,3.977822751403058
sys011,utt230,wav/vmc2026-track3-sys011-utt230.wav,wav/vmc2026-track3-sys019-utt229.wav,4.830614386913404
sys006,utt280,wav/vmc2026-track3-sys006-utt280.wav,wav/vmc2026-track3-sys019-utt279.wav,4.773192977276203
sys005,utt212,wav/vmc2026-track3-sys005-utt212.wav,wav/vmc2026-track3-sys019-utt211.wav,3.908589111903857
sys011,utt010,wav/vmc2026-track3-sys011-utt010.wav,wav/vmc2026-track3-sys019-utt009.wav,4.469132258721574
sys022,utt012,wav/vmc2026-track3-sys022-utt012.wav,wav/vmc2026-track3-sys019-utt011.wav,3.6685854075344935
sys014,utt304,wav/vmc2026-track3-sys014-utt304.wav,wav/vmc2026-track3-sys019-utt303.wav,4.430169115200863
sys023,utt040,wav/vmc2026-track3-sys023-utt040.wav,wav/vmc2026-track3-sys019-utt039.wav,3.6231114848159947
sys011,utt234,wav/vmc2026-track3-sys011-utt234.wav,wav/vmc2026-track3-sys019-utt233.wav,3.7766699259759715
sys001,utt160,wav/vmc2026-track3-sys001-utt160.wav,wav/vmc2026-track3-sys019-utt159.wav,4.689145234250492
sys024,utt266,wav/vmc2026-track3-sys024-utt266.wav,wav/vmc2026-track3-sys019-utt265.wav,4.004480196779013
sys016,utt216,wav/vmc2026-track3-sys016-utt216.wav,wav/vmc2026-track3-sys019-utt215.wav,4.104912430509327
sys008,utt236,wav/vmc2026-track3-sys008-utt236.wav,wav/vmc2026-track3-sys019-utt235.wav,4.10316193502413
sys022,utt204,wav/vmc2026-track3-sys022-utt204.wav,wav/vmc2026-track3-sys019-utt203.wav,3.2482565005970994
sys007,utt064,wav/vmc2026-track3-sys007-utt064.wav,wav/vmc2026-track3-sys019-utt063.wav,3.681143559112823
sys006,utt046,wav/vmc2026-track3-sys006-utt046.wav,wav/vmc2026-track3-sys019-utt045.wav,4.487516748343263
sys017,utt014,wav/vmc2026-track3-sys017-utt014.wav,wav/vmc2026-track3-sys019-utt013.wav,4.353296889514136
sys014,utt064,wav/vmc2026-track3-sys014-utt064.wav,wav/vmc2026-track3-sys019-utt063.wav,4.284943870977806
sys012,utt114,wav/vmc2026-track3-sys012-utt114.wav,wav/vmc2026-track3-sys019-utt113.wav,3.7146643741332177
sys011,utt244,wav/vmc2026-track3-sys011-utt244.wav,wav/vmc2026-track3-sys019-utt243.wav,4.504009239655642
sys016,utt018,wav/vmc2026-track3-sys016-utt018.wav,wav/vmc2026-track3-sys019-utt017.wav,4.284988948241507
sys005,utt274,wav/vmc2026-track3-sys005-utt274.wav,wav/vmc2026-track3-sys019-utt273.wav,4.017675488967444
sys001,utt014,wav/vmc2026-track3-sys001-utt014.wav,wav/vmc2026-track3-sys019-utt013.wav,4.3578920718366945
sys025,utt206,wav/vmc2026-track3-sys025-utt206.wav,wav/vmc2026-track3-sys019-utt205.wav,3.750548661291536
sys006,utt128,wav/vmc2026-track3-sys006-utt128.wav,wav/vmc2026-track3-sys019-utt127.wav,4.435280401360594
sys017,utt204,wav/vmc2026-track3-sys017-utt204.wav,wav/vmc2026-track3-sys019-utt203.wav,4.031103455523431
sys008,utt016,wav/vmc2026-track3-sys008-utt016.wav,wav/vmc2026-track3-sys019-utt015.wav,4.566671925376084
sys009,utt074,wav/vmc2026-track3-sys009-utt074.wav,wav/vmc2026-track3-sys019-utt073.wav,3.8609763266293706
sys017,utt040,wav/vmc2026-track3-sys017-utt040.wav,wav/vmc2026-track3-sys019-utt039.wav,3.9443204916409815
sys016,utt064,wav/vmc2026-track3-sys016-utt064.wav,wav/vmc2026-track3-sys019-utt063.wav,3.648293400047163
sys016,utt172,wav/vmc2026-track3-sys016-utt172.wav,wav/vmc2026-track3-sys019-utt171.wav,3.6374917849530934
sys026,utt280,wav/vmc2026-track3-sys026-utt280.wav,wav/vmc2026-track3-sys019-utt279.wav,4.114522222744854
sys014,utt122,wav/vmc2026-track3-sys014-utt122.wav,wav/vmc2026-track3-sys019-utt121.wav,4.404151342242922
sys020,utt274,wav/vmc2026-track3-sys020-utt274.wav,wav/vmc2026-track3-sys019-utt273.wav,3.7366507769840083
sys022,utt014,wav/vmc2026-track3-sys022-utt014.wav,wav/vmc2026-track3-sys019-utt013.wav,3.799258242672473
sys002,utt294,wav/vmc2026-track3-sys002-utt294.wav,wav/vmc2026-track3-sys019-utt293.wav,4.444731656849539
sys026,utt216,wav/vmc2026-track3-sys026-utt216.wav,wav/vmc2026-track3-sys019-utt215.wav,4.182961745120851
sys001,utt082,wav/vmc2026-track3-sys001-utt082.wav,wav/vmc2026-track3-sys019-utt081.wav,3.8941642777192214
sys009,utt022,wav/vmc2026-track3-sys009-utt022.wav,wav/vmc2026-track3-sys019-utt021.wav,4.1896281096816
sys002,utt114,wav/vmc2026-track3-sys002-utt114.wav,wav/vmc2026-track3-sys019-utt113.wav,3.6768027545479773
sys026,utt048,wav/vmc2026-track3-sys026-utt048.wav,wav/vmc2026-track3-sys019-utt047.wav,4.177909242763291
sys006,utt070,wav/vmc2026-track3-sys006-utt070.wav,wav/vmc2026-track3-sys019-utt069.wav,4.467351585191807
sys025,utt158,wav/vmc2026-track3-sys025-utt158.wav,wav/vmc2026-track3-sys019-utt157.wav,4.316328841421798
sys007,utt300,wav/vmc2026-track3-sys007-utt300.wav,wav/vmc2026-track3-sys019-utt299.wav,4.092619699037808
sys025,utt210,wav/vmc2026-track3-sys025-utt210.wav,wav/vmc2026-track3-sys019-utt209.wav,3.761951628038109
sys023,utt272,wav/vmc2026-track3-sys023-utt272.wav,wav/vmc2026-track3-sys019-utt271.wav,4.232210620164119
sys001,utt114,wav/vmc2026-track3-sys001-utt114.wav,wav/vmc2026-track3-sys019-utt113.wav,3.4176719069582333
sys010,utt046,wav/vmc2026-track3-sys010-utt046.wav,wav/vmc2026-track3-sys019-utt045.wav,3.844146062013132
sys023,utt066,wav/vmc2026-track3-sys023-utt066.wav,wav/vmc2026-track3-sys019-utt065.wav,4.319911049554093
sys025,utt226,wav/vmc2026-track3-sys025-utt226.wav,wav/vmc2026-track3-sys019-utt225.wav,4.1109509715775925
sys006,utt298,wav/vmc2026-track3-sys006-utt298.wav,wav/vmc2026-track3-sys019-utt297.wav,4.499651930275031
sys011,utt312,wav/vmc2026-track3-sys011-utt312.wav,wav/vmc2026-track3-sys019-utt311.wav,4.13762164033701
sys010,utt278,wav/vmc2026-track3-sys010-utt278.wav,wav/vmc2026-track3-sys019-utt277.wav,3.915261159142205
sys025,utt140,wav/vmc2026-track3-sys025-utt140.wav,wav/vmc2026-track3-sys019-utt139.wav,3.097909430354484
sys006,utt284,wav/vmc2026-track3-sys006-utt284.wav,wav/vmc2026-track3-sys019-utt283.wav,4.340233506754419
sys011,utt070,wav/vmc2026-track3-sys011-utt070.wav,wav/vmc2026-track3-sys019-utt069.wav,4.315541496385592
sys025,utt202,wav/vmc2026-track3-sys025-utt202.wav,wav/vmc2026-track3-sys019-utt201.wav,3.7995949304585075
sys011,utt250,wav/vmc2026-track3-sys011-utt250.wav,wav/vmc2026-track3-sys019-utt249.wav,4.887098078815986
sys014,utt014,wav/vmc2026-track3-sys014-utt014.wav,wav/vmc2026-track3-sys019-utt013.wav,4.609340145466668
sys025,utt200,wav/vmc2026-track3-sys025-utt200.wav,wav/vmc2026-track3-sys019-utt199.wav,4.203608865628306
sys022,utt134,wav/vmc2026-track3-sys022-utt134.wav,wav/vmc2026-track3-sys019-utt133.wav,3.5528792978978307
sys026,utt120,wav/vmc2026-track3-sys026-utt120.wav,wav/vmc2026-track3-sys019-utt119.wav,3.526177913934649
sys002,utt210,wav/vmc2026-track3-sys002-utt210.wav,wav/vmc2026-track3-sys019-utt209.wav,3.963715434234619
sys007,utt268,wav/vmc2026-track3-sys007-utt268.wav,wav/vmc2026-track3-sys019-utt267.wav,4.372188377639338
sys024,utt106,wav/vmc2026-track3-sys024-utt106.wav,wav/vmc2026-track3-sys019-utt105.wav,3.844276362403952
sys005,utt218,wav/vmc2026-track3-sys005-utt218.wav,wav/vmc2026-track3-sys019-utt217.wav,4.10147483976303
sys002,utt132,wav/vmc2026-track3-sys002-utt132.wav,wav/vmc2026-track3-sys019-utt131.wav,3.864415883201621
sys012,utt076,wav/vmc2026-track3-sys012-utt076.wav,wav/vmc2026-track3-sys019-utt075.wav,4.3349941521236355
sys023,utt224,wav/vmc2026-track3-sys023-utt224.wav,wav/vmc2026-track3-sys019-utt223.wav,4.1138276498090285
sys002,utt192,wav/vmc2026-track3-sys002-utt192.wav,wav/vmc2026-track3-sys019-utt191.wav,4.336762722933878
sys002,utt012,wav/vmc2026-track3-sys002-utt012.wav,wav/vmc2026-track3-sys019-utt011.wav,4.138663754106762
sys001,utt006,wav/vmc2026-track3-sys001-utt006.wav,wav/vmc2026-track3-sys019-utt005.wav,4.08038246366577
sys009,utt090,wav/vmc2026-track3-sys009-utt090.wav,wav/vmc2026-track3-sys019-utt089.wav,3.8401371232349293
sys016,utt264,wav/vmc2026-track3-sys016-utt264.wav,wav/vmc2026-track3-sys019-utt263.wav,4.1930730698391585
sys010,utt146,wav/vmc2026-track3-sys010-utt146.wav,wav/vmc2026-track3-sys019-utt145.wav,3.631069472164164
sys012,utt192,wav/vmc2026-track3-sys012-utt192.wav,wav/vmc2026-track3-sys019-utt191.wav,3.9725829736407134
sys009,utt210,wav/vmc2026-track3-sys009-utt210.wav,wav/vmc2026-track3-sys019-utt209.wav,4.11062207892737
sys023,utt310,wav/vmc2026-track3-sys023-utt310.wav,wav/vmc2026-track3-sys019-utt309.wav,4.383248351124073
sys008,utt066,wav/vmc2026-track3-sys008-utt066.wav,wav/vmc2026-track3-sys019-utt065.wav,4.601871317690284
sys024,utt040,wav/vmc2026-track3-sys024-utt040.wav,wav/vmc2026-track3-sys019-utt039.wav,3.5537856195791946
sys014,utt210,wav/vmc2026-track3-sys014-utt210.wav,wav/vmc2026-track3-sys019-utt209.wav,4.292274639661593
sys024,utt228,wav/vmc2026-track3-sys024-utt228.wav,wav/vmc2026-track3-sys019-utt227.wav,4.181783730085553
sys023,utt262,wav/vmc2026-track3-sys023-utt262.wav,wav/vmc2026-track3-sys019-utt261.wav,4.168516703933215
sys017,utt034,wav/vmc2026-track3-sys017-utt034.wav,wav/vmc2026-track3-sys019-utt033.wav,3.694093528503391
sys026,utt026,wav/vmc2026-track3-sys026-utt026.wav,wav/vmc2026-track3-sys019-utt025.wav,4.051200038881879
sys002,utt288,wav/vmc2026-track3-sys002-utt288.wav,wav/vmc2026-track3-sys019-utt287.wav,4.144948194734122
sys012,utt022,wav/vmc2026-track3-sys012-utt022.wav,wav/vmc2026-track3-sys019-utt021.wav,4.024838360726562
sys013,utt022,wav/vmc2026-track3-sys013-utt022.wav,wav/vmc2026-track3-sys019-utt021.wav,4.0663016967198935
sys005,utt138,wav/vmc2026-track3-sys005-utt138.wav,wav/vmc2026-track3-sys019-utt137.wav,3.225526860397258
sys013,utt076,wav/vmc2026-track3-sys013-utt076.wav,wav/vmc2026-track3-sys019-utt075.wav,4.1386305546350215
sys008,utt286,wav/vmc2026-track3-sys008-utt286.wav,wav/vmc2026-track3-sys019-utt285.wav,4.127956738706018
sys013,utt228,wav/vmc2026-track3-sys013-utt228.wav,wav/vmc2026-track3-sys019-utt227.wav,4.389000509912411
sys018,utt024,wav/vmc2026-track3-sys018-utt024.wav,wav/vmc2026-track3-sys019-utt023.wav,3.076813094998406
sys011,utt216,wav/vmc2026-track3-sys011-utt216.wav,wav/vmc2026-track3-sys019-utt215.wav,4.635460815428097
sys018,utt074,wav/vmc2026-track3-sys018-utt074.wav,wav/vmc2026-track3-sys019-utt073.wav,3.2407937906192683
sys010,utt270,wav/vmc2026-track3-sys010-utt270.wav,wav/vmc2026-track3-sys019-utt269.wav,4.0982483219736645
sys017,utt272,wav/vmc2026-track3-sys017-utt272.wav,wav/vmc2026-track3-sys019-utt271.wav,4.243409603936564
sys026,utt228,wav/vmc2026-track3-sys026-utt228.wav,wav/vmc2026-track3-sys019-utt227.wav,3.9121843164509835
sys011,utt112,wav/vmc2026-track3-sys011-utt112.wav,wav/vmc2026-track3-sys019-utt111.wav,3.740115666988002
sys017,utt154,wav/vmc2026-track3-sys017-utt154.wav,wav/vmc2026-track3-sys019-utt153.wav,4.4826740052694465
sys022,utt004,wav/vmc2026-track3-sys022-utt004.wav,wav/vmc2026-track3-sys019-utt003.wav,4.08457677446408
sys017,utt296,wav/vmc2026-track3-sys017-utt296.wav,wav/vmc2026-track3-sys019-utt295.wav,4.603923757251266
sys024,utt086,wav/vmc2026-track3-sys024-utt086.wav,wav/vmc2026-track3-sys019-utt085.wav,3.891152906087018
sys026,utt152,wav/vmc2026-track3-sys026-utt152.wav,wav/vmc2026-track3-sys019-utt151.wav,4.121628069972317
sys006,utt198,wav/vmc2026-track3-sys006-utt198.wav,wav/vmc2026-track3-sys019-utt197.wav,4.712362191786479
sys002,utt004,wav/vmc2026-track3-sys002-utt004.wav,wav/vmc2026-track3-sys019-utt003.wav,4.246900751144608
sys012,utt020,wav/vmc2026-track3-sys012-utt020.wav,wav/vmc2026-track3-sys019-utt019.wav,4.3106389255229685
sys002,utt062,wav/vmc2026-track3-sys002-utt062.wav,wav/vmc2026-track3-sys019-utt061.wav,3.932471459718478
sys014,utt196,wav/vmc2026-track3-sys014-utt196.wav,wav/vmc2026-track3-sys019-utt195.wav,4.856105840799763
sys013,utt154,wav/vmc2026-track3-sys013-utt154.wav,wav/vmc2026-track3-sys019-utt153.wav,4.45369828045771
sys014,utt268,wav/vmc2026-track3-sys014-utt268.wav,wav/vmc2026-track3-sys019-utt267.wav,4.508266485287839
sys017,utt118,wav/vmc2026-track3-sys017-utt118.wav,wav/vmc2026-track3-sys019-utt117.wav,3.921444215518396
sys009,utt300,wav/vmc2026-track3-sys009-utt300.wav,wav/vmc2026-track3-sys019-utt299.wav,4.579752418489322
sys002,utt064,wav/vmc2026-track3-sys002-utt064.wav,wav/vmc2026-track3-sys019-utt063.wav,3.6608651881178353
sys011,utt306,wav/vmc2026-track3-sys011-utt306.wav,wav/vmc2026-track3-sys019-utt305.wav,4.466021631497035
sys010,utt150,wav/vmc2026-track3-sys010-utt150.wav,wav/vmc2026-track3-sys019-utt149.wav,3.3108439306826405
sys017,utt270,wav/vmc2026-track3-sys017-utt270.wav,wav/vmc2026-track3-sys019-utt269.wav,4.0720968878910915
sys017,utt090,wav/vmc2026-track3-sys017-utt090.wav,wav/vmc2026-track3-sys019-utt089.wav,3.930624664864286
sys014,utt184,wav/vmc2026-track3-sys014-utt184.wav,wav/vmc2026-track3-sys019-utt183.wav,4.571974861967063
sys005,utt120,wav/vmc2026-track3-sys005-utt120.wav,wav/vmc2026-track3-sys019-utt119.wav,3.5688162676930717
sys020,utt068,wav/vmc2026-track3-sys020-utt068.wav,wav/vmc2026-track3-sys019-utt067.wav,3.524455699008688
sys001,utt040,wav/vmc2026-track3-sys001-utt040.wav,wav/vmc2026-track3-sys019-utt039.wav,4.0725111299754175
sys011,utt266,wav/vmc2026-track3-sys011-utt266.wav,wav/vmc2026-track3-sys019-utt265.wav,4.307352943903286
sys007,utt062,wav/vmc2026-track3-sys007-utt062.wav,wav/vmc2026-track3-sys019-utt061.wav,3.796120821467209
sys006,utt250,wav/vmc2026-track3-sys006-utt250.wav,wav/vmc2026-track3-sys019-utt249.wav,4.958098667412524
sys024,utt250,wav/vmc2026-track3-sys024-utt250.wav,wav/vmc2026-track3-sys019-utt249.wav,4.482838198966089
sys020,utt120,wav/vmc2026-track3-sys020-utt120.wav,wav/vmc2026-track3-sys019-utt119.wav,3.3783132786192587
sys022,utt266,wav/vmc2026-track3-sys022-utt266.wav,wav/vmc2026-track3-sys019-utt265.wav,3.8532331707577585
sys001,utt136,wav/vmc2026-track3-sys001-utt136.wav,wav/vmc2026-track3-sys019-utt135.wav,3.878433754073537
sys017,utt294,wav/vmc2026-track3-sys017-utt294.wav,wav/vmc2026-track3-sys019-utt293.wav,4.157058432547586
sys025,utt068,wav/vmc2026-track3-sys025-utt068.wav,wav/vmc2026-track3-sys019-utt067.wav,3.6444245925899574
sys011,utt026,wav/vmc2026-track3-sys011-utt026.wav,wav/vmc2026-track3-sys019-utt025.wav,4.3283159218756575
sys018,utt280,wav/vmc2026-track3-sys018-utt280.wav,wav/vmc2026-track3-sys019-utt279.wav,4.0827203759884005
sys009,utt200,wav/vmc2026-track3-sys009-utt200.wav,wav/vmc2026-track3-sys019-utt199.wav,4.880666791906454
sys005,utt202,wav/vmc2026-track3-sys005-utt202.wav,wav/vmc2026-track3-sys019-utt201.wav,3.5493043000254367
sys024,utt222,wav/vmc2026-track3-sys024-utt222.wav,wav/vmc2026-track3-sys019-utt221.wav,4.064645455465253
sys020,utt282,wav/vmc2026-track3-sys020-utt282.wav,wav/vmc2026-track3-sys019-utt281.wav,3.464898063585233
sys010,utt282,wav/vmc2026-track3-sys010-utt282.wav,wav/vmc2026-track3-sys019-utt281.wav,3.9511607834969213
sys012,utt270,wav/vmc2026-track3-sys012-utt270.wav,wav/vmc2026-track3-sys019-utt269.wav,4.335485959066045
sys008,utt202,wav/vmc2026-track3-sys008-utt202.wav,wav/vmc2026-track3-sys019-utt201.wav,4.243691662092491
sys008,utt150,wav/vmc2026-track3-sys008-utt150.wav,wav/vmc2026-track3-sys019-utt149.wav,4.06961210876185
sys010,utt138,wav/vmc2026-track3-sys010-utt138.wav,wav/vmc2026-track3-sys019-utt137.wav,3.629733756325
sys002,utt116,wav/vmc2026-track3-sys002-utt116.wav,wav/vmc2026-track3-sys019-utt115.wav,3.946962710068578
sys025,utt156,wav/vmc2026-track3-sys025-utt156.wav,wav/vmc2026-track3-sys019-utt155.wav,4.188944653900475
sys014,utt302,wav/vmc2026-track3-sys014-utt302.wav,wav/vmc2026-track3-sys019-utt301.wav,4.360016644135672
sys011,utt090,wav/vmc2026-track3-sys011-utt090.wav,wav/vmc2026-track3-sys019-utt089.wav,4.35472598699564
sys025,utt040,wav/vmc2026-track3-sys025-utt040.wav,wav/vmc2026-track3-sys019-utt039.wav,3.6259013642253195
sys023,utt204,wav/vmc2026-track3-sys023-utt204.wav,wav/vmc2026-track3-sys019-utt203.wav,3.981048377547109
sys009,utt244,wav/vmc2026-track3-sys009-utt244.wav,wav/vmc2026-track3-sys019-utt243.wav,4.601776442959908
sys005,utt220,wav/vmc2026-track3-sys005-utt220.wav,wav/vmc2026-track3-sys019-utt219.wav,4.009861944535703
sys026,utt238,wav/vmc2026-track3-sys026-utt238.wav,wav/vmc2026-track3-sys019-utt237.wav,3.9663968861517156
sys008,utt310,wav/vmc2026-track3-sys008-utt310.wav,wav/vmc2026-track3-sys019-utt309.wav,4.756406377778323
sys013,utt004,wav/vmc2026-track3-sys013-utt004.wav,wav/vmc2026-track3-sys019-utt003.wav,4.12592997445301
sys001,utt036,wav/vmc2026-track3-sys001-utt036.wav,wav/vmc2026-track3-sys019-utt035.wav,3.805944074866866
sys012,utt146,wav/vmc2026-track3-sys012-utt146.wav,wav/vmc2026-track3-sys019-utt145.wav,2.3871618420954768
sys012,utt038,wav/vmc2026-track3-sys012-utt038.wav,wav/vmc2026-track3-sys019-utt037.wav,3.9406551266147885
sys014,utt284,wav/vmc2026-track3-sys014-utt284.wav,wav/vmc2026-track3-sys019-utt283.wav,4.302140180507904
sys017,utt244,wav/vmc2026-track3-sys017-utt244.wav,wav/vmc2026-track3-sys019-utt243.wav,4.519476427515663
sys001,utt262,wav/vmc2026-track3-sys001-utt262.wav,wav/vmc2026-track3-sys019-utt261.wav,4.168285239657931
sys001,utt222,wav/vmc2026-track3-sys001-utt222.wav,wav/vmc2026-track3-sys019-utt221.wav,4.273536655524534
sys008,utt116,wav/vmc2026-track3-sys008-utt116.wav,wav/vmc2026-track3-sys019-utt115.wav,4.0493618519947265
sys001,utt272,wav/vmc2026-track3-sys001-utt272.wav,wav/vmc2026-track3-sys019-utt271.wav,4.145990256794409
sys008,utt216,wav/vmc2026-track3-sys008-utt216.wav,wav/vmc2026-track3-sys019-utt215.wav,4.7112745066721855
sys022,utt218,wav/vmc2026-track3-sys022-utt218.wav,wav/vmc2026-track3-sys019-utt217.wav,4.595890757961269
sys026,utt268,wav/vmc2026-track3-sys026-utt268.wav,wav/vmc2026-track3-sys019-utt267.wav,3.8873695913153967
sys025,utt282,wav/vmc2026-track3-sys025-utt282.wav,wav/vmc2026-track3-sys019-utt281.wav,3.7297931340193817
sys011,utt320,wav/vmc2026-track3-sys011-utt320.wav,wav/vmc2026-track3-sys019-utt319.wav,4.411769768892906
sys009,utt202,wav/vmc2026-track3-sys009-utt202.wav,wav/vmc2026-track3-sys019-utt201.wav,4.0437867344183225
sys006,utt154,wav/vmc2026-track3-sys006-utt154.wav,wav/vmc2026-track3-sys019-utt153.wav,4.824425779575261
sys006,utt304,wav/vmc2026-track3-sys006-utt304.wav,wav/vmc2026-track3-sys019-utt303.wav,4.5812945647300465
sys016,utt074,wav/vmc2026-track3-sys016-utt074.wav,wav/vmc2026-track3-sys019-utt073.wav,4.337238936935805
sys010,utt280,wav/vmc2026-track3-sys010-utt280.wav,wav/vmc2026-track3-sys019-utt279.wav,4.184128133907721
sys017,utt106,wav/vmc2026-track3-sys017-utt106.wav,wav/vmc2026-track3-sys019-utt105.wav,4.432554371085389
sys023,utt234,wav/vmc2026-track3-sys023-utt234.wav,wav/vmc2026-track3-sys019-utt233.wav,3.88278650692139
sys002,utt172,wav/vmc2026-track3-sys002-utt172.wav,wav/vmc2026-track3-sys019-utt171.wav,3.71179140254218
sys018,utt180,wav/vmc2026-track3-sys018-utt180.wav,wav/vmc2026-track3-sys019-utt179.wav,3.492120057058358
sys007,utt142,wav/vmc2026-track3-sys007-utt142.wav,wav/vmc2026-track3-sys019-utt141.wav,3.7087076909343732
sys023,utt032,wav/vmc2026-track3-sys023-utt032.wav,wav/vmc2026-track3-sys019-utt031.wav,3.4708038029377284
sys025,utt198,wav/vmc2026-track3-sys025-utt198.wav,wav/vmc2026-track3-sys019-utt197.wav,4.154482665756853
sys023,utt018,wav/vmc2026-track3-sys023-utt018.wav,wav/vmc2026-track3-sys019-utt017.wav,4.08878602418841
sys007,utt264,wav/vmc2026-track3-sys007-utt264.wav,wav/vmc2026-track3-sys019-utt263.wav,4.096613088830759
sys016,utt144,wav/vmc2026-track3-sys016-utt144.wav,wav/vmc2026-track3-sys019-utt143.wav,3.1068147985759644
sys025,utt288,wav/vmc2026-track3-sys025-utt288.wav,wav/vmc2026-track3-sys019-utt287.wav,3.979270979073786
sys024,utt146,wav/vmc2026-track3-sys024-utt146.wav,wav/vmc2026-track3-sys019-utt145.wav,3.2551568047406483
sys016,utt186,wav/vmc2026-track3-sys016-utt186.wav,wav/vmc2026-track3-sys019-utt185.wav,3.7229082951320582
sys006,utt202,wav/vmc2026-track3-sys006-utt202.wav,wav/vmc2026-track3-sys019-utt201.wav,4.360113416514148
sys009,utt032,wav/vmc2026-track3-sys009-utt032.wav,wav/vmc2026-track3-sys019-utt031.wav,3.2124402636378107
sys006,utt030,wav/vmc2026-track3-sys006-utt030.wav,wav/vmc2026-track3-sys019-utt029.wav,4.4312097199373675
sys001,utt296,wav/vmc2026-track3-sys001-utt296.wav,wav/vmc2026-track3-sys019-utt295.wav,4.443749288851399
sys012,utt028,wav/vmc2026-track3-sys012-utt028.wav,wav/vmc2026-track3-sys019-utt027.wav,3.876525807503169
sys016,utt266,wav/vmc2026-track3-sys016-utt266.wav,wav/vmc2026-track3-sys019-utt265.wav,3.9752706206229136
sys023,utt266,wav/vmc2026-track3-sys023-utt266.wav,wav/vmc2026-track3-sys019-utt265.wav,4.127664736999892
sys025,utt316,wav/vmc2026-track3-sys025-utt316.wav,wav/vmc2026-track3-sys019-utt315.wav,3.8954362069255577
sys020,utt238,wav/vmc2026-track3-sys020-utt238.wav,wav/vmc2026-track3-sys019-utt237.wav,3.789333001013305
sys012,utt130,wav/vmc2026-track3-sys012-utt130.wav,wav/vmc2026-track3-sys019-utt129.wav,4.072004605094819
sys023,utt002,wav/vmc2026-track3-sys023-utt002.wav,wav/vmc2026-track3-sys019-utt001.wav,4.127020745825684
sys012,utt172,wav/vmc2026-track3-sys012-utt172.wav,wav/vmc2026-track3-sys019-utt171.wav,3.4620676033612563
sys023,utt124,wav/vmc2026-track3-sys023-utt124.wav,wav/vmc2026-track3-sys019-utt123.wav,4.146064855388505
sys024,utt308,wav/vmc2026-track3-sys024-utt308.wav,wav/vmc2026-track3-sys019-utt307.wav,4.195137198034143
sys022,utt278,wav/vmc2026-track3-sys022-utt278.wav,wav/vmc2026-track3-sys019-utt277.wav,4.225768507442566
sys016,utt002,wav/vmc2026-track3-sys016-utt002.wav,wav/vmc2026-track3-sys019-utt001.wav,3.8595995400487646
sys023,utt160,wav/vmc2026-track3-sys023-utt160.wav,wav/vmc2026-track3-sys019-utt159.wav,4.199641655984017
sys006,utt118,wav/vmc2026-track3-sys006-utt118.wav,wav/vmc2026-track3-sys019-utt117.wav,4.332911372582319
sys022,utt302,wav/vmc2026-track3-sys022-utt302.wav,wav/vmc2026-track3-sys019-utt301.wav,3.897112951982748
sys005,utt022,wav/vmc2026-track3-sys005-utt022.wav,wav/vmc2026-track3-sys019-utt021.wav,3.753856644817481
sys011,utt236,wav/vmc2026-track3-sys011-utt236.wav,wav/vmc2026-track3-sys019-utt235.wav,4.2331318252049925
sys005,utt286,wav/vmc2026-track3-sys005-utt286.wav,wav/vmc2026-track3-sys019-utt285.wav,3.625288615314806
sys013,utt048,wav/vmc2026-track3-sys013-utt048.wav,wav/vmc2026-track3-sys019-utt047.wav,4.341071685233288
sys013,utt290,wav/vmc2026-track3-sys013-utt290.wav,wav/vmc2026-track3-sys019-utt289.wav,4.066836551968057
sys012,utt072,wav/vmc2026-track3-sys012-utt072.wav,wav/vmc2026-track3-sys019-utt071.wav,4.190435830073444
sys022,utt074,wav/vmc2026-track3-sys022-utt074.wav,wav/vmc2026-track3-sys019-utt073.wav,3.8530299293901753
sys017,utt320,wav/vmc2026-track3-sys017-utt320.wav,wav/vmc2026-track3-sys019-utt319.wav,4.02826484310938
sys009,utt294,wav/vmc2026-track3-sys009-utt294.wav,wav/vmc2026-track3-sys019-utt293.wav,4.568467629637594
sys007,utt308,wav/vmc2026-track3-sys007-utt308.wav,wav/vmc2026-track3-sys019-utt307.wav,4.113346410118563
sys020,utt202,wav/vmc2026-track3-sys020-utt202.wav,wav/vmc2026-track3-sys019-utt201.wav,3.6719225256887698
sys016,utt282,wav/vmc2026-track3-sys016-utt282.wav,wav/vmc2026-track3-sys019-utt281.wav,3.901139282770944
sys018,utt226,wav/vmc2026-track3-sys018-utt226.wav,wav/vmc2026-track3-sys019-utt225.wav,4.285294990113327
sys024,utt142,wav/vmc2026-track3-sys024-utt142.wav,wav/vmc2026-track3-sys019-utt141.wav,3.747428629098403
sys006,utt028,wav/vmc2026-track3-sys006-utt028.wav,wav/vmc2026-track3-sys019-utt027.wav,4.588482003851234
sys024,utt020,wav/vmc2026-track3-sys024-utt020.wav,wav/vmc2026-track3-sys019-utt019.wav,3.932925079032293
sys006,utt002,wav/vmc2026-track3-sys006-utt002.wav,wav/vmc2026-track3-sys019-utt001.wav,4.413536191551335
sys014,utt142,wav/vmc2026-track3-sys014-utt142.wav,wav/vmc2026-track3-sys019-utt141.wav,4.264404366168106
sys011,utt270,wav/vmc2026-track3-sys011-utt270.wav,wav/vmc2026-track3-sys019-utt269.wav,4.363892090007726
sys001,utt228,wav/vmc2026-track3-sys001-utt228.wav,wav/vmc2026-track3-sys019-utt227.wav,4.5795567266737445
sys012,utt088,wav/vmc2026-track3-sys012-utt088.wav,wav/vmc2026-track3-sys019-utt087.wav,4.082260490976086
sys010,utt108,wav/vmc2026-track3-sys010-utt108.wav,wav/vmc2026-track3-sys019-utt107.wav,3.9708281971838746
sys016,utt262,wav/vmc2026-track3-sys016-utt262.wav,wav/vmc2026-track3-sys019-utt261.wav,4.273595645340772
sys010,utt290,wav/vmc2026-track3-sys010-utt290.wav,wav/vmc2026-track3-sys019-utt289.wav,4.00898681847515
sys017,utt070,wav/vmc2026-track3-sys017-utt070.wav,wav/vmc2026-track3-sys019-utt069.wav,4.208060568564259
sys018,utt206,wav/vmc2026-track3-sys018-utt206.wav,wav/vmc2026-track3-sys019-utt205.wav,3.9980079793071446
sys007,utt196,wav/vmc2026-track3-sys007-utt196.wav,wav/vmc2026-track3-sys019-utt195.wav,4.341406108803604
sys016,utt278,wav/vmc2026-track3-sys016-utt278.wav,wav/vmc2026-track3-sys019-utt277.wav,3.590972640338581
sys020,utt080,wav/vmc2026-track3-sys020-utt080.wav,wav/vmc2026-track3-sys019-utt079.wav,3.4675614102492913
sys020,utt288,wav/vmc2026-track3-sys020-utt288.wav,wav/vmc2026-track3-sys019-utt287.wav,3.440627750379103
sys011,utt080,wav/vmc2026-track3-sys011-utt080.wav,wav/vmc2026-track3-sys019-utt079.wav,4.371133545926752
sys008,utt020,wav/vmc2026-track3-sys008-utt020.wav,wav/vmc2026-track3-sys019-utt019.wav,4.410034260518654
sys017,utt174,wav/vmc2026-track3-sys017-utt174.wav,wav/vmc2026-track3-sys019-utt173.wav,3.7598518564880674
sys012,utt242,wav/vmc2026-track3-sys012-utt242.wav,wav/vmc2026-track3-sys019-utt241.wav,4.046131369667408
sys018,utt012,wav/vmc2026-track3-sys018-utt012.wav,wav/vmc2026-track3-sys019-utt011.wav,4.049462011138884
sys010,utt086,wav/vmc2026-track3-sys010-utt086.wav,wav/vmc2026-track3-sys019-utt085.wav,3.377956714239781
sys007,utt206,wav/vmc2026-track3-sys007-utt206.wav,wav/vmc2026-track3-sys019-utt205.wav,4.011056327383544
sys007,utt246,wav/vmc2026-track3-sys007-utt246.wav,wav/vmc2026-track3-sys019-utt245.wav,3.78827801716182
sys008,utt138,wav/vmc2026-track3-sys008-utt138.wav,wav/vmc2026-track3-sys019-utt137.wav,4.181250573169273
sys006,utt174,wav/vmc2026-track3-sys006-utt174.wav,wav/vmc2026-track3-sys019-utt173.wav,3.934292058571295
sys023,utt320,wav/vmc2026-track3-sys023-utt320.wav,wav/vmc2026-track3-sys019-utt319.wav,4.083798565454942
sys025,utt030,wav/vmc2026-track3-sys025-utt030.wav,wav/vmc2026-track3-sys019-utt029.wav,3.9483138417153194
sys005,utt142,wav/vmc2026-track3-sys005-utt142.wav,wav/vmc2026-track3-sys019-utt141.wav,3.585935654577419
sys014,utt140,wav/vmc2026-track3-sys014-utt140.wav,wav/vmc2026-track3-sys019-utt139.wav,3.7292749335264874
sys007,utt082,wav/vmc2026-track3-sys007-utt082.wav,wav/vmc2026-track3-sys019-utt081.wav,3.6602535984101907
sys002,utt108,wav/vmc2026-track3-sys002-utt108.wav,wav/vmc2026-track3-sys019-utt107.wav,4.171270124376765
sys024,utt004,wav/vmc2026-track3-sys024-utt004.wav,wav/vmc2026-track3-sys019-utt003.wav,3.913979783283685
sys005,utt250,wav/vmc2026-track3-sys005-utt250.wav,wav/vmc2026-track3-sys019-utt249.wav,3.741466112588965
sys013,utt114,wav/vmc2026-track3-sys013-utt114.wav,wav/vmc2026-track3-sys019-utt113.wav,3.520742825866593
sys007,utt154,wav/vmc2026-track3-sys007-utt154.wav,wav/vmc2026-track3-sys019-utt153.wav,4.113653889181234
sys014,utt306,wav/vmc2026-track3-sys014-utt306.wav,wav/vmc2026-track3-sys019-utt305.wav,4.868561616764382
sys023,utt084,wav/vmc2026-track3-sys023-utt084.wav,wav/vmc2026-track3-sys019-utt083.wav,4.039324386244557
sys005,utt308,wav/vmc2026-track3-sys005-utt308.wav,wav/vmc2026-track3-sys019-utt307.wav,3.7070417388462986
sys024,utt210,wav/vmc2026-track3-sys024-utt210.wav,wav/vmc2026-track3-sys019-utt209.wav,3.6924151851424725
sys005,utt082,wav/vmc2026-track3-sys005-utt082.wav,wav/vmc2026-track3-sys019-utt081.wav,3.517440149782387
sys016,utt248,wav/vmc2026-track3-sys016-utt248.wav,wav/vmc2026-track3-sys019-utt247.wav,4.015684865618479
sys010,utt274,wav/vmc2026-track3-sys010-utt274.wav,wav/vmc2026-track3-sys019-utt273.wav,3.887924022380567
sys026,utt310,wav/vmc2026-track3-sys026-utt310.wav,wav/vmc2026-track3-sys019-utt309.wav,4.080929658380697
sys014,utt294,wav/vmc2026-track3-sys014-utt294.wav,wav/vmc2026-track3-sys019-utt293.wav,4.835114275100772
sys008,utt186,wav/vmc2026-track3-sys008-utt186.wav,wav/vmc2026-track3-sys019-utt185.wav,4.403305860776537
sys023,utt064,wav/vmc2026-track3-sys023-utt064.wav,wav/vmc2026-track3-sys019-utt063.wav,3.9498719042196964
sys008,utt316,wav/vmc2026-track3-sys008-utt316.wav,wav/vmc2026-track3-sys019-utt315.wav,4.23965706158343
sys011,utt116,wav/vmc2026-track3-sys011-utt116.wav,wav/vmc2026-track3-sys019-utt115.wav,3.587286975796319
sys014,utt230,wav/vmc2026-track3-sys014-utt230.wav,wav/vmc2026-track3-sys019-utt229.wav,4.765315043380762
sys014,utt126,wav/vmc2026-track3-sys014-utt126.wav,wav/vmc2026-track3-sys019-utt125.wav,4.6870482300901655
sys012,utt290,wav/vmc2026-track3-sys012-utt290.wav,wav/vmc2026-track3-sys019-utt289.wav,3.9000099685008744
sys002,utt196,wav/vmc2026-track3-sys002-utt196.wav,wav/vmc2026-track3-sys019-utt195.wav,4.556930906694494
sys005,utt088,wav/vmc2026-track3-sys005-utt088.wav,wav/vmc2026-track3-sys019-utt087.wav,3.5784920671523825
sys001,utt210,wav/vmc2026-track3-sys001-utt210.wav,wav/vmc2026-track3-sys019-utt209.wav,4.214746887224877
sys023,utt134,wav/vmc2026-track3-sys023-utt134.wav,wav/vmc2026-track3-sys019-utt133.wav,3.6268552837543
